Name,Day,GRS,GCS,Rad SDI,Circ SDI,GRSRs,GRSRd,GCSRd,GCSRs,TSd,TSs,TCs,TCd,r_std,c_std,r_reg,c_reg,angle_std_s,angle_std_e,std_s_reg,std_e_reg,t_peak_diff_s,t_peak_diff_e,GCSRs_reg,GCSRd_reg,GRSRs_reg,GRSRd_reg,Condition
mi_D11-3_10d,10,19.147034280628915,-13.872610109327422,6.432253923201755,7.2594561877603345,5.51267349327233,-8.867959833038364,5.353559272165759,-2.4708009438623417,80.3231838948695,14.224048388302224,71.57910065737867,0.7402582300303931,7.2821312609727435,5.207721541263902,[10.23992031 13.84554322 24.88513264 27.61754096],[ -9.8183474   -9.58529764 -13.63474585 -22.45204954],31.876571147765503,24.347525453590446,[0.47957757 0.41142275 0.21187833 0.28289258],[0.22971141 0.29802671 0.3169996  0.22027968],-54.961,3.233000000000004,[-1.6439973  -3.84642586 -5.65331147 -6.43342068],[ 3.49216463  6.48194504  7.26551472 11.81955895],[ 5.1641902   5.49088917 14.95091972  9.46521955],[ -8.57453938 -10.82232364  -8.69781149 -14.55468944],1
mi_D11-3_1d,1,16.037122773735675,-15.42463434867291,6.4031242374328485,6.0621778264910695,4.617059717108487,-10.084493726793992,5.997380251596814,-2.323724677422544,101.43741805969788,9.201776474856183,80.75480685272896,-6.4680113112228055,11.300149562148716,6.969254122155462,[ 4.20887966  6.5351094  21.55016378 31.85433827],[ -3.5323374  -18.80754571 -18.06588754 -21.29276674],21.99585328768194,22.53868003672787,[0.37793653 0.17726476 0.20982561 0.19743985],[0.30940031 0.24187914 0.21697073 0.09090514],-4.849499999999999,3.23299999999999,[-0.97400664 -4.01774086 -3.35659614 -4.9480198 ],[ 1.31196684  6.69323857  7.60591357 10.15655666],[2.60610909 3.03109489 7.27065945 8.27561983],[ -3.65121309  -6.75379004 -11.79329404 -15.55836764],1
mi_D11-3_21d,21,24.87128813697165,-9.755845148623488,1.2626906806902631,7.923321138079842,7.237434377369622,-10.76776181600759,4.773515112421334,-2.9082507464295704,87.66391964993792,-7.179661453618374,93.66772635228565,-1.8399829065616673,8.151065052904833,6.65716642032529,[18.66887634 21.63022321 20.31414171 38.87191128],[ -0.86146324 -12.36593134 -18.88141566  -6.91457036],27.959400071749776,21.959167195127815,[0.16453896 0.16478769 0.27419377 0.43874248],[0.11642152 0.23306656 0.34271601 0.32785349],8.082500000000007,3.23299999999999,[-3.86287006 -3.51805655 -3.69853134 -3.9679177 ],[2.02589201 3.71352458 6.2620551  7.02450742],[4.88196455 4.38265854 8.78095019 8.77742311],[-11.17825298  -8.19201976  -8.55210524 -14.65133597],1
mi_D11-3_3d,3,17.493113536333496,-16.51700997854245,5.719035685368934,6.257782623312075,4.078621083389846,-9.450706571689874,8.320528954503823,-2.826082606310242,76.65750748948368,-0.6951499646481439,94.28705445399909,5.69438642846706,9.903183559392133,7.753931225184147,[ 2.18483456 15.62412181 24.22079098 27.94270679],[ -4.1483986  -15.93753023 -24.28506516 -21.69704593],34.89486698117338,25.63896634639685,[0.30359614 0.33660786 0.17166341 0.14755972],[0.30876781 0.26502323 0.1222032  0.08354236],25.864000000000004,3.23299999999999,[-1.05437841 -2.96819142 -4.79382783 -6.18948993],[ 2.67850427  9.36534184 10.87162842 11.15332264],[3.83520718 7.16975347 5.47015341 5.46145792],[ -3.05639778  -9.74346344 -12.78395132 -11.74827806],1
mi_D11-3_40d,40,23.762794090803283,-11.90530194967038,6.521471137620449,7.509855457602552,6.446937171381592,-8.465330065089818,3.8949364186832334,-3.1051036524778146,90.07806623993982,-6.508487243637326,96.13408084557192,-2.721174174753072,8.843979500468448,5.131678512892157,[10.8927053  20.22083095 31.99603185 31.94160827],[ -3.98168734 -13.09067445 -12.23750289 -18.31134312],26.519507893285404,28.46309393468563,[0.28673856 0.23058491 0.23315389 0.23978523],[0.50775732 0.33357987 0.22038279 0.27850934],4.849499999999999,0.0,[-1.68871502 -4.88972493 -4.30182407 -4.51475033],[2.37733583 5.20667005 7.78693932 6.26603199],[5.01504822 5.94936378 7.49038499 8.63177437],[ -3.98503565  -7.27897424 -11.22866409 -13.34272027],1
mi_D11-7_10d,10,19.60431225233688,-19.6440373116163,7.42994138103524,1.8844459036110222,6.267674058213322,-8.507229562819584,9.161192585873339,-4.582171439153539,87.10490680438365,3.457309043592876,80.39452992563088,0.5496479689262531,3.9021988695822905,2.2561074183820615,[22.1637138  12.86534303 22.01812436 21.37006782],[-17.92999311 -23.51145009 -18.29646972 -18.83823633],19.928918509425426,17.648340421625864,[0.16786715 0.19698216 0.3289281  0.40328106],[0.20936698 0.28874178 0.1920398  0.15196248],-6.4659999999999975,6.465999999999994,[-4.4912461  -4.77387558 -4.8681114  -4.19295554],[ 7.03445426  7.31303585  8.79526429 11.76418255],[5.94623285 5.71270586 8.16846543 5.08375157],[ -7.889466    -6.66545581 -10.02009049 -10.90921571],1
mi_D11-7_1d,1,12.641752951992116,-13.409796137828927,0.847457627118644,4.216048462316188,8.43006366778793,-10.479303033692435,8.409310439461317,-4.621140517771587,83.45698198020341,-3.657682033090207,95.3370920668122,0.9804084183249927,4.248074382305673,2.7601154638529786,[17.84634568  6.60486458 11.0199632  15.09583835],[-13.48385249 -17.52757935  -9.7767415  -12.85101121],21.654049188634897,15.107104672236204,[0.1774588  0.24198627 0.29695911 0.36167433],[0.18371896 0.20870724 0.21771306 0.13846887],-50.1115,0.0,[-4.74004704 -4.43846375 -5.47339971 -3.64599903],[6.13176175 7.12485805 6.54632702 7.80748053],[8.11964007 6.56997183 8.00848892 8.45994115],[ -9.6317174   -5.85879596  -7.14762171 -11.64447847],1
mi_D11-7_21d,21,21.05059343492994,-20.656957009797935,5.830951894845301,0.8660254037844384,8.050549423748137,-10.455044815284332,9.839880183232932,-4.239812387771775,87.15153782743307,7.9272225093353095,81.33168234281113,-0.23443822981104445,2.7486287780316627,2.0776623094218545,[23.91067725 19.37522165 23.5021756  17.41429924],[-18.62541025 -18.53987949 -22.89248557 -22.57005273],18.612522608124223,17.2755704823868,[0.16209818 0.26714635 0.22585029 0.30518493],[0.27275803 0.26304099 0.16395792 0.15345986],-11.315500000000007,3.23299999999999,[-3.93074868 -4.79035808 -6.15535344 -3.77014393],[6.88584657 7.95609856 8.27887189 9.59684576],[6.94851753 6.97486888 7.07782762 6.35104278],[ -6.93855248  -6.94232403 -10.58061186 -10.9910593 ],1
mi_D11-7_3d,3,15.251472016245502,-10.554036190299538,3.14037146510664,6.013353538235167,7.535865716429917,-7.6508919654236305,6.6176676050621195,-3.6262461188621584,85.0954384684655,-3.897796746596637,91.40481648836138,3.9768180678448393,4.0139250232566335,3.4393886434643006,[16.38292683  9.83585335 20.90498036 13.88212753],[-13.79418128  -8.85521768  -5.73706541 -13.82968039],27.346261145119975,23.649519327272454,[0.25802368 0.34333276 0.2693628  0.42465151],[0.20532654 0.35300251 0.372061   0.24056792],-14.548500000000004,3.23299999999999,[-3.92083953 -2.62126547 -5.62712989 -3.20857528],[4.95647976 5.796333   6.08155615 9.15628336],[ 6.37511155  5.41237744 10.41343857  6.82869305],[ -6.43199722  -4.47327866  -5.78109549 -11.17764113],1
mi_D11-7_40d,40,14.623659190971821,-20.367733743823653,8.52936105461599,3.316624790355401,4.143513590175282,-8.235082769408283,8.459848234792815,-5.3996729950097775,85.65990545031056,-3.76430099362088,91.46632895437303,2.522037327211512,5.760249762554194,3.331135831857269,[21.63477541  6.48642822 18.07787235 12.29556079],[-19.74590705 -25.38123151 -16.0247317  -20.31906472],23.38695335015523,19.482585676012473,[0.21388241 0.35951747 0.26584751 0.37721771],[0.15734089 0.23880798 0.31073535 0.28856345],-3.233000000000004,0.0,[-4.51559001 -5.05130541 -4.56666582 -5.06068208],[7.08462749 8.77402749 6.09445521 7.40250814],[4.49153309 3.11590581 5.81109342 3.71684948],[-7.61625216 -5.43663974 -8.54761869 -8.49646614],1
mi_D12-8_10d,10,13.19025653443014,-10.754362463697577,6.622287020206771,7.273826771902843,5.819588213364935,-8.580052467962737,6.767518526200344,-2.2952244886786146,75.68497532704511,8.541481829770586,82.98633654870967,2.259498595767107,7.2639417842460015,3.6831949285164796,[ 3.04186941 13.58456605 23.56016093 12.57442975],[ -6.77814387  -7.66020789 -12.89590197 -15.68319612],36.74655730856898,25.495792505918818,[0.31161321 0.5110256  0.37949927 0.50782188],[0.17157746 0.27686036 0.27053532 0.37457321],-17.781500000000005,-1.6164999999999878,[-2.91170581 -2.32113972 -2.63259647 -3.21891067],[3.05406882 5.94365985 6.34841332 6.26474152],[4.72895573 4.88070947 8.67831729 6.1084869 ],[-3.69369222 -7.76005867 -9.63429933 -8.53444919],1
mi_D12-8_1d,1,11.87498569941279,-13.747227957856616,5.2115730664704785,5.527707983925668,4.662024736032115,-7.811859413414711,8.340521855422605,-2.920046041430732,82.74141574823462,0.7470964599799003,95.59035691278227,2.544859407383735,7.91736011173346,5.893709884893885,[ 1.42078401  7.01368443 19.01627511 20.04919925],[ -3.85475059 -14.73691959 -18.68486667 -17.71237497],32.211360626361326,20.46563857197244,[0.52329091 0.28573561 0.2302854  0.38698783],[0.33808609 0.29826959 0.22716581 0.23407659],3.233000000000004,3.233000000000004,[-0.91389838 -3.93969138 -5.60228868 -3.65010241],[ 3.41270274  6.58955742  8.21964126 12.26404769],[2.42433947 3.93270119 7.17581056 8.20873696],[ -2.8379897   -6.29173956 -11.28237791  -8.97815461],1
mi_D12-8_21d,21,13.370038466452643,-13.353939382845747,10.47750829978309,9.808026018396689,6.113363287600238,-8.315649120424476,7.1987186465440764,-2.7518473954005325,90.0055604576406,-3.5972373533241067,92.02832640689009,2.690396658202292,6.80190194684637,5.639255195468016,[ 3.05415716 16.99658173 12.07139857 21.35801641],[ -3.99791652 -17.09676331 -18.38617369 -13.93490402],40.62432481678507,30.11515844326534,[0.24842082 0.35378935 0.51827268 0.42067662],[0.31898057 0.34971378 0.3695947  0.23245616],-8.0825,0.0,[-2.61166854 -3.46354811 -5.82160053 -3.71077809],[2.55857264 7.29675085 7.49237512 8.90233635],[6.04215239 4.22667839 7.88861246 8.078178  ],[ -4.69808779  -5.79178968  -9.67277699 -13.61164053],1
mi_D12-8_3d,3,11.28366688097091,-8.908092774574909,21.610775828217562,7.473103546110782,4.537620962989009,-7.909101692586125,5.18392920014136,-2.3039883842818374,86.31411957433868,103.2767603337862,-14.804597788436983,-2.2086321190816407,10.303278591078277,4.581247270119943,[ 1.50181983  4.22036609 11.42445517 27.98802643],[ -3.4703705   -5.61998882 -14.92944392 -11.61256786],32.44378392142354,22.235838378111353,[0.3230959  0.58658868 0.43559784 0.25699254],[0.3165962  0.40650686 0.31696449 0.21088407],-9.698999999999998,0.0,[-0.72993907 -1.59617882 -3.14443291 -3.37666895],[2.30826323 3.31078582 4.63298328 6.59750104],[1.37790415 2.23022275 7.02751961 6.18527019],[ -3.67124853  -4.08238662  -5.18564964 -13.5632411 ],1
mi_D12-8_45d,45,,,18.212208581611357,20.048711021147152,5.266151063858212,-9.563805281869646,2.7013003339817723,-3.394476828194697,86.23194175153677,-23.312655240811672,113.31941807597163,3.885877478433018,,,[ 9.33039282 25.84871793 50.23666761         nan],[ -4.68826368 -12.81420403  -8.31942754          nan],41.0734114348552,28.31327144748644,[0.53928812 0.46429373 0.11510121        nan],[0.36524137 0.38357166 0.10379313        nan],-4.849500000000006,-8.082499999999996,[ -1.94454157  -4.17156919 -12.5405918           nan],[ 1.77165315  4.43376527 11.91223828         nan],[ 3.19815166  7.80048611 18.76275738         nan],[ -6.94854906 -13.10442914 -30.79301561          nan],1
mi_D4-6_10d,10,6.451481118916128,-6.683139249908038,14.16819844659942,8.251551832163992,5.4798040499272895,-5.414942372469685,4.79429154039592,-1.3992354342196847,91.85049801284423,-20.75874415441982,116.68932324037779,0.2797074504646957,3.7560575357941652,4.892800027974553,[ 0.3510799   8.60618449 10.26687793  6.58178216],[ -1.24484459  -3.0272805   -8.8358681  -13.62456381],40.20746128212174,40.21661104534966,[0.65821457 0.36683529 0.43149255 0.44705431],[0.46553249 0.31114941 0.29028301 0.13072422],-44.982,4.819500000000005,[-0.91365889 -5.11472713 -4.65526519 -4.24888841],[2.61285135 4.90939362 6.86206522 7.33113874],[3.86012154 7.99786528 4.83828043 7.13626848],[ -0.83964825  -3.36178634  -7.27628261 -16.93005754],1
mi_D4-6_1d,1,10.24403218296345,-11.37530657510537,6.589323724446813,4.481636549584414,3.9526913499451823,-5.5832691606570455,5.203311116221173,-2.373763383785885,101.83507872525846,-17.89086506969425,111.2467647614515,5.464440592969285,6.213154039742172,5.9256545852202205,[ 2.86828285 16.73135036 16.051619    5.32487652],[ -2.75088927 -12.83641603 -10.58193909 -19.33198191],41.571792962448896,36.86964035308852,[0.65826025 0.24613109 0.26848711 0.31454368],[0.41519022 0.18684935 0.17912499 0.25035301],-51.408,19.278000000000006,[-0.8364919  -4.63429416 -7.33502593 -5.34314617],[ 2.13227601  9.0768318   9.02387932 15.70051796],[ 2.42952594  7.13628703  8.03144513 12.92248667],[ -3.6509715  -11.03090601 -13.45656723 -12.94990448],1
mi_D4-6_21d,21,10.736423358698342,-13.15970787605287,3.4014634674188566,19.67043345471042,5.992372668979616,-4.9300915657123605,5.872478724033549,-3.2681296227863497,112.27720287947334,-11.555307868723833,86.27229032881459,5.448386351769771,5.579662930094823,7.679662160514099,[ 3.99722249 13.98934067  6.89140051 18.06772976],[ -0.88813471 -12.41659709 -19.47453648 -19.85956323],29.660219389740245,42.3302197037031,[0.42867954 0.34575006 0.25234392 0.20073136],[0.56273396 0.48857179 0.40887644 0.17469318],-8.032500000000002,12.85199999999999,[-0.55076043 -4.10681505 -6.40765924 -4.58834847],[ 2.93074301  8.12223758 10.96100081 11.54401856],[4.36633367 7.51644584 5.90511289 6.33525579],[ -0.48509664  -2.19738314  -5.72105057 -11.29823111],1
mi_D4-6_3d,3,15.747188786665683,-16.8589404306804,5.728898730994153,5.292486367588404,3.7001874246317583,-9.249222053252797,7.129084251592799,-2.198721538864759,103.93460239723252,7.309962168298961,83.46117799046867,-14.059753782951368,7.971055898701046,7.9576497326894815,[ 3.37037108 14.85199698 19.92445144 24.84193565],[ -5.67993102 -13.37362238 -22.11050162 -26.2717067 ],30.783511860457306,30.81100493139438,[0.48042004 0.16074778 0.19599971 0.21943418],[0.46260481 0.24349613 0.15981393 0.10287466],3.213000000000001,6.426000000000002,[-1.16890351 -3.01121295 -4.40434433 -4.75860237],[ 2.59502656  7.29482439 10.10423555 12.19504479],[3.08796553 4.95745701 5.95133309 5.46137576],[ -2.21371145 -11.50270419 -15.84605667 -20.32084241],1
mi_D4-6_41d,41,8.077439014096983,-9.537553936168369,4.042260417272215,9.352345111930841,6.507356884693318,-5.000249225157301,6.22401207228685,-2.110102774386711,107.50386875271201,-4.243931970331223,100.83645432709086,-17.397762408589617,0.7602813138520278,6.488565044377552,[6.99886796 7.73183917 8.70227608 8.87677285],[ -2.96744074  -6.43603056  -8.50609885 -20.2406456 ],33.273187659453015,40.54073614300341,[0.54221342 0.48368564 0.41396309 0.15926596],[0.5941898  0.44782505 0.44233579 0.17438724],-35.343,20.884500000000003,[-1.32739984 -3.7328559  -2.4520931  -4.20278671],[ 2.14270092  7.73480546  8.99997476 12.02176105],[ 4.58189726  4.86849468  5.02196957 29.29702561],[ -1.93960002  -5.75838577  -5.6518214  -13.91242565],1
mi_D8-7_10d,10,20.94402720018376,-16.269294497386383,7.6923076923076925,6.450196088941704,5.721800766282064,-5.915882576235581,6.533754049203584,-3.3865407668907985,83.87112727153574,-6.633690915401656,101.72259498558661,6.049040348132086,7.361064117084219,4.880143484891206,[15.01699873 14.90558366 32.99151104 20.86201536],[ -8.42906581 -16.07291644 -21.14256204 -19.43263371],20.728906233492808,22.872191663215357,[0.18289907 0.30108069 0.09754528 0.18903149],[0.14364867 0.28442379 0.25822171 0.34107386],6.426000000000002,3.212999999999994,[-1.60833791 -3.12478803 -4.89232013 -4.39068729],[5.64653244 5.5805439  6.41896154 6.19992876],[6.74548462 4.28237689 9.2213864  8.49046793],[-8.08083562 -3.86483828 -6.30349021 -7.42867087],1
mi_D8-7_1d,1,12.659769943556995,-11.036357275477398,15.553356544841508,5.853440007754895,7.798221568432732,-2.3542918960303885,7.330446666752238,-3.2314033507997975,85.88291151806247,-3.0936349618094914,100.10813113591865,-3.7626855206765475,9.066746710242773,4.602059317032042,[ 1.59136118  5.97569662 22.96110127 20.1109207 ],[ -3.90019365 -10.80395389 -16.5357258  -12.90555577],28.914281752136556,27.397022060842247,[0.35889679 0.37357943 0.22023214 0.24584296],[0.30452896 0.43745127 0.28885949 0.30530466],8.032499999999999,3.213000000000008,[-1.36126691 -2.03960677 -5.1376813  -4.64391897],[2.3735362  8.43775302 9.42294414 5.20357298],[ 2.19923066  3.93637693 12.57451861  9.37556285],[-3.87795332 -4.50968289 -5.87271871 -4.35047493],1
mi_D8-7_20d,20,17.085535448938604,-15.606866762976416,7.106848666660077,6.168253221991519,5.642194282759442,-6.735054596779617,6.11408808025556,-3.6084482888303175,75.6668757280269,-9.74817645612147,101.67190134244808,2.4463965999808135,7.997721333553004,8.737795852492503,[ 5.12608047 14.72506804 25.78233234 22.70866094],[ -4.79168834 -10.62330822 -19.10212804 -27.91034245],25.4268507262211,23.779687672337346,[0.35671765 0.37443843 0.16971016 0.19705349],[0.28441185 0.35827691 0.20657625 0.20092942],6.426000000000002,1.606499999999997,[-1.03371925 -2.30645404 -4.41115457 -5.69844085],[3.04119462 4.48063387 6.52066425 9.02661267],[4.13727385 4.22665166 7.78059927 7.8377362 ],[-7.01740582 -5.61408581 -9.52255256 -6.91491101],1
mi_D8-7_3d,3,16.781122400291824,-15.855066825959465,5.452202862359274,6.494189298844555,5.363188996858571,-7.075532016149209,7.7598374612967245,-3.072428858634674,77.87965958665063,-8.649385459890073,100.22901582136036,-0.616560010536425,9.85599503388814,6.859759238831898,[11.4049884   7.21244543 33.09735255 15.40970322],[ -6.15472478 -16.40182824 -15.33599684 -25.52771743],26.03758432509721,23.582019309874596,[0.22042487 0.32335568 0.17116971 0.20046334],[0.25823764 0.42767786 0.18877018 0.30649675],8.032499999999999,1.606499999999997,[-0.93265996 -2.99637276 -5.27778595 -6.01041617],[ 3.56285317  6.8447577   8.50362552 11.51404572],[3.87633055 4.44190377 8.82843353 6.16831576],[ -6.82740277  -2.03558619 -13.39674734  -5.61805144],1
mi_D8-7_41d,41,11.99486823301066,-15.586209858085931,6.730769230769234,6.57442035152757,6.078746731442141,-4.809893913635206,7.209694445611816,-3.360861360914497,80.3783117968879,-12.256564713443684,105.76669589218676,4.117656109181062,6.142540477557755,7.294045824467479,[ 2.69110118 10.59189293 15.75487394 18.94160488],[ -7.76658668  -9.28538381 -25.12352545 -20.16934349],30.780492476195963,27.75157596275859,[0.2429966  0.50173265 0.22562593 0.26069722],[0.27638193 0.40646083 0.27596792 0.29086221],-64.26,1.6065000000000111,[-1.80847851 -2.27086796 -5.15086501 -5.21761359],[5.27622883 5.57936769 9.90207662 6.65392737],[ 5.49121918  5.86662714 13.01801871  7.46869491],[-5.87228083 -3.93635519 -9.43009521 -7.39592413],1
mi_D8-8_10d,10,14.071609197750268,-15.997465650158672,6.0827625302982185,5.196152422706631,5.503523419183521,-4.337725959503468,8.337551929258831,-4.0622449193479975,80.00650397523596,-4.89155592473764,101.35768381535935,6.202028674537882,4.164171225457229,6.43673357056293,[12.91951098  9.01073832 20.57817104 13.77801646],[ -7.49619505 -12.37913318 -20.19718183 -23.91735255],23.207166347031404,25.8687410406928,[0.07155137 0.34053396 0.27681178 0.24460964],[0.11126224 0.35922144 0.36403992 0.33185422],4.819499999999998,8.032500000000013,[-2.5551533  -3.47358255 -4.78388988 -6.7440963 ],[ 5.17147713  5.20349529 11.66277648  9.98501367],[ 4.89394138  2.31740551 10.85357307  6.82577201],[-11.16375727  -5.35597925  -7.16787462  -7.07285681],1
mi_D8-8_1d,1,16.523128008209547,-14.813913903797948,6.410145505206872,6.932419423397526,5.776788265225885,-7.19242203891958,10.18200621131469,-3.4475705660311027,82.90749872113643,-5.188738580437609,98.8852689164261,1.0497659731569535,11.152081636126013,6.81884262029321,[ 2.82444012 11.39594174 33.22739013 18.64474004],[ -4.07438467 -15.21699323 -17.06106036 -22.90321736],25.334843077483516,24.828539184109818,[0.19713194 0.29839498 0.20643362 0.28838377],[0.2649008  0.35621592 0.22923067 0.34136169],-8.032500000000006,3.212999999999994,[-1.33414972 -2.80779652 -4.30995786 -5.76198589],[ 3.63475653  7.68040682 11.30187683 12.01352825],[4.43830671 3.74670803 8.71820537 7.79904181],[ -4.60463861  -4.45639081 -11.82029304 -11.03911716],1
mi_D8-8_20d,20,21.182730778265732,-17.30055369171842,12.457059302846027,3.4644975803462423,7.343632152510344,-9.653161242629684,7.633772021544939,-3.9891124328286933,81.15069889027835,-6.0343477989270164,104.00562708541521,3.905595364369037,6.376192118012606,7.087093620000141,[23.61508757 23.89807213 10.36011006 26.85765335],[-11.74094135 -10.86142331 -28.61739536 -17.98245475],20.743884479221506,25.51907422537651,[0.24406707 0.25803015 0.15744761 0.08712367],[0.30985729 0.19714754 0.28200095        nan],4.819499999999994,6.426000000000002,[-3.14254537 -3.7328122  -6.84980417 -7.354293  ],[ 6.74073602  7.46603247  7.20834619 13.50401565],[ 5.80872283 11.10218226  7.41270036  8.91882322],[-10.56379054 -10.20039445 -10.42051473 -11.78414646],1
mi_D8-8_3d,3,14.047026311020208,-14.400495769106714,14.981188895079697,7.11473489757151,5.883088215884771,-5.075119201560601,6.050757040610769,-3.3417322961873106,84.86403017343996,-5.660365433446626,97.37475939935756,8.209401496322062,9.551115979434329,7.320335978000066,[ 3.60453335 11.68869162 29.62233168 11.27254859],[ -4.54301864 -11.35140623 -17.34716097 -24.36039723],25.07494857854073,23.235806110638674,[0.29744508 0.30431213 0.21638319 0.27231684],[0.1220589  0.33783461 0.286984   0.24769786],-4.819500000000005,3.212999999999994,[-1.91840287 -2.57108367 -3.98172571 -5.97786184],[4.21933982 4.43817751 7.56550258 9.38338084],[2.20540788 2.3708369  8.81408878 7.32212502],[-3.26242713 -3.94448631 -7.03963961 -9.27361262],1
mi_D8-8_41d,41,19.4067201428188,-16.5372307205375,4.951132368932776,5.854855825269645,5.5167362433113265,-9.292383022578449,6.63478489605555,-5.23160168159977,90.15521400120045,-1.0875233304992271,99.35624854498646,3.2903619578112133,7.529717847061164,6.033632355564946,[15.83729809 14.14286134 15.24069797 32.40602318],[-10.35387813 -11.06672572 -20.17870704 -24.54961199],21.79257061769752,23.224746165514887,[0.13257184 0.22558695 0.2764808  0.37780015],[0.10449779 0.23138931 0.43032884 0.31745621],4.819499999999994,1.606499999999997,[-3.30934841 -3.37184548 -5.85128466 -7.21098375],[6.30828962 4.57370843 4.81022267 7.05301894],[7.35118303 4.12982002 5.50370668 6.5130791 ],[-10.81688377  -8.47285126  -4.01746058 -11.82835388],1
mi_D9-3_10d,10,15.157651244334563,-16.230660067954126,6.826065387887576,6.351989590810577,4.981805933723206,-7.32131808748826,6.219883452286252,-3.1405853240716937,79.03495123021413,0.6510901154392066,84.35272161307678,-0.09253549116526616,4.884883205194555,2.6373468555524586,[14.07079664  9.63173309 13.88872727 23.03934797],[-13.02368631 -14.38024122 -17.94539899 -19.57331375],25.883620728219558,24.828028954591527,[0.31371027 0.35372441 0.2914363  0.07681624],[0.17463364 0.33465055 0.36881975 0.13757195],-1.6065000000000005,0.0,[-2.67663255 -3.09743666 -3.62309079 -9.96853896],[ 5.68013741  6.44574737  5.69030405 11.04894449],[ 5.37981773  4.38098061  7.04724356 12.47362461],[ -7.46545404  -5.92497334  -7.78819293 -10.56839139],1
mi_D9-3_1d,1,13.50303685866555,-9.261216184486832,7.641400621627403,29.293061114369923,4.385968111680592,-9.505511839047848,3.943913559262112,-2.7332989940021077,76.94018479776936,77.30251917658758,11.410490841703384,9.932008138686337,4.6768662972071375,6.241969219741921,[ 6.12073549 12.87577354 18.01963825 16.99600015],[ -0.34730208  -7.7926983  -17.64122996 -11.2636344 ],38.23352008776979,35.272168591117975,[0.25614174 0.50042673 0.34251467 0.08137192],[0.44212506 0.32209836 0.23805028        nan],-30.523500000000002,4.819500000000005,[ -2.01318649  -3.48537371  -5.29679673 -17.88352395],[ 1.73779751  5.01733275 10.28256278 11.25241462],[ 3.70229379  4.56031599  6.26939606 14.26216071],[ -3.4134159  -12.50092303 -15.36515167 -16.32981597],1
mi_D9-3_21d,21,17.88936780436689,-13.337124530936233,11.540895732375175,6.4843227072857985,3.565039225770778,-8.300035503274577,5.6052143548174795,-2.377786848989751,72.37192551568567,-7.753149433597022,109.20098003056864,5.722927590742337,7.525451810627451,5.046765481150177,[17.92125634 13.13062606 10.43669821 30.06889061],[ -7.34156616  -9.36675343 -17.81564631 -18.82453222],31.041927796261152,24.321557575794273,[0.37200132 0.4907211  0.24979883 0.21646536],[0.24849086 0.24694814 0.3144444  0.14818076],4.8195000000000014,0.0,[-1.53712485 -2.21756626 -3.60265302 -5.77297994],[3.27316656 5.66861769 6.88654736 5.23786878],[4.43464231 4.05714216 4.65422584 8.86635762],[ -7.71280083  -8.48245688  -4.57912033 -17.04909112],1
mi_D9-3_3d,3,,,19.89246237074731,19.89246237074731,4.252253569860789,-7.674930682732642,5.3932901016207895,-2.787318318238832,81.46068079699532,-5.092896256969763,84.6901157412546,2.8229557698979937,,,[ 7.44328741 19.81874743 13.64386953         nan],[-10.20690578 -14.20720462 -21.09011121          nan],29.843867736357232,23.16372515824736,[0.300845   0.34109847 0.14064519        nan],[0.25507113 0.27865743 0.26801218        nan],-1.606500000000004,0.0,[-1.93659578 -2.63251358 -5.91912029         nan],[3.41702853 5.66957397 6.88996377        nan],[4.50623884 5.67933762 7.0144846         nan],[-5.73635809 -8.96571187 -9.09644775         nan],1
mi_D9-3_42d,42,15.22487123091581,-12.179696398849543,9.622504486493762,7.097087831831432,3.6498823952702657,-8.30946214252374,4.7663138634092075,-2.2650801489875145,74.74578146108571,-5.801732933280604,100.03674171550676,6.38543252472942,5.869443282686081,4.678665377245491,[24.71469945 15.45315409  9.88019053 10.85144085],[ -7.1761077   -8.7581256  -13.62415983 -19.16039247],33.335534619027925,27.611438963470395,[0.31428805 0.52753049 0.48021318 0.15285971],[0.26624838 0.27615962 0.30999484 0.34315214],4.819499999999998,3.212999999999994,[-2.01576249 -1.65218373 -4.22855    -4.24870055],[4.23659055 4.7737172  4.05635698 3.4164708 ],[4.07860386 4.00012968 2.58092878 5.79103063],[-9.1254112  -8.3991622  -5.95019573 -6.69903594],1
sham_D11-1_10d,10,23.3056932331819,-18.851645038997557,5.495066129729087,1.020408163265306,7.659757431364084,-9.73111212023328,8.577570457626948,-5.071569221347514,82.65034247793807,-1.9366175516608177,94.8123433198852,2.0604229221519597,3.9033980996949835,3.780367554856873,[20.58397339 18.76854427 28.75268082 25.11757444],[-23.35466944 -18.72516811 -12.96915918 -20.35758343],19.711159665574126,19.511862946313943,[0.24502508 0.2606584  0.19960349 0.27972953],[0.18045033 0.23745126 0.21893891 0.25537783],8.082500000000003,0.0,[-4.8876361  -5.69163403 -5.33964945 -4.38992686],[9.20970773 7.4037137  5.40128493 9.22897255],[5.82848979 5.54729395 8.65093004 7.35440873],[-9.4689827  -6.53441028 -8.18082865 -7.8868009 ],0
sham_D11-1_1d,1,26.59049272743136,-18.348348780417,6.538348415311011,4.55521678957215,8.232716315773041,-8.057901695641537,8.600971028468894,-4.273971080815381,84.95945085402198,-4.295921257049118,98.16495862084953,8.315124204473781,7.821034865679306,3.1316020654415073,[15.90025111 25.37860591 27.15202639 37.9310875 ],[-17.24501271 -22.76408157 -19.24417838 -14.14012246],21.140018552978137,21.589046703039315,[0.32325525 0.23684727 0.28625917 0.32910706],[0.29559004 0.29193279 0.28799475 0.28126446],3.233000000000004,3.233000000000004,[-3.62343655 -4.55518329 -5.81297498 -2.93045455],[8.21126302 7.02398781 7.667888   7.41692671],[ 5.14147882  6.69449104  7.52592581 11.07263693],[ -5.90498944  -8.6834375   -6.46487812 -10.50845486],0
sham_D11-1_21d,21,23.64118655661793,-23.018002482580123,1.5354744399793534,4.721314364437763,6.699491174354951,-9.049022284033947,9.68753997675299,-5.270311591505514,88.33383467655484,3.6033708552675057,83.62989759773741,-0.8294486162904432,7.280138307138187,4.387995157415746,[11.93824342 31.73448645 24.21586356 26.6761528 ],[-19.46409194 -30.50418898 -21.60564268 -20.49808633],23.24524451161881,20.859226467770792,[0.39739576 0.2550228  0.25665098 0.30692531],[0.2615525  0.22915576 0.25022009 0.33615173],4.849499999999999,3.233000000000004,[-3.81039648 -6.0820057  -5.78434285 -4.79810023],[ 9.71014973 10.51252037  6.93405853  6.98981829],[3.14569166 9.00945889 8.12345251 8.53400665],[-6.76072447 -9.34165897 -6.65324406 -8.64318387],0
sham_D11-1_3d,3,14.09247145293207,-21.993196486510076,7.601754636511166,4.364287356743528,6.774582159109546,-8.423412132711029,9.674744037133655,-4.884965743922239,83.31643011937936,0.20223053551739725,94.89285373166707,1.3306742002521879,7.063502484646,3.682690895467509,[26.18735468  9.97846195  8.59973266 11.60433652],[-17.61570006 -22.94953076 -27.46673009 -19.94082504],22.027553326750844,20.712095936016283,[0.20188542 0.25334801 0.32296834 0.27481879],[0.10500424 0.18065382 0.27376548 0.30953571],1.6165000000000056,0.0,[-4.32630803 -5.50896002 -5.22199758 -3.85020111],[ 8.05611279 10.1872256   8.83213478  9.08914942],[5.29517531 3.97798664 6.67944374 9.28300626],[-12.04309577  -5.86403075  -3.67068067  -4.30570531],0
sham_D11-1_40d,40,22.386765076812214,-21.554423257450217,0.90210979560879,5.412658773652743,6.937326160416552,-10.282689689605705,8.897091327563416,-6.5597410933534155,84.14252741509756,1.6002692137527814,93.63584650765974,1.1768576242206858,2.9142446999498026,2.671326059039465,[23.97632085 17.56789906 25.2279823  22.7748581 ],[-19.95926491 -25.46614291 -18.3943156  -22.3979696 ],20.005941005693764,20.95788279651246,[0.22572434 0.24259114 0.26957783 0.30918805],[0.16951207 0.22333567 0.19489441 0.28261208],8.0825,0.0,[-5.4139521  -8.02071588 -5.99811699 -6.35974605],[8.233739   7.84391476 5.5899607  7.92599314],[5.88738253 4.60448739 7.83840265 8.31802308],[-11.21672362  -6.21894412  -7.78005737  -7.11540044],0
sham_D2-1_10d,10,21.48310766849067,-18.299491686877335,4.974937185533101,5.099019513592785,6.349768206519251,-7.555070613385832,8.35488348574123,-4.139517549289385,97.99647049908444,0.29121624951548813,86.83664096319144,-2.586880350184874,4.140050475156014,2.771238069375746,[24.49956662 20.59023326 25.73210709 15.11052371],[-15.45647485 -15.76098364 -20.06508687 -21.91542138],22.873379051533586,22.297230998994884,[0.19629672 0.28692419 0.27519401 0.30125502],[0.32122869 0.28376142 0.29132558 0.27099199],-3.213000000000001,1.6065000000000111,[-3.31038735 -3.75300068 -2.50689526 -4.62630089],[ 4.0856709   7.28729231  9.32617281 10.11609857],[5.9879414  5.62367676 6.01452798 5.51788889],[-7.10282761 -5.83377769 -8.10300016 -7.69413541],0
sham_D2-1_1d,1,13.374326067770312,-19.309489888926496,7.241383964640739,1.190476190476188,5.3308682660117395,-7.128685370128277,9.422270844157854,-4.452698352584632,92.82145096681482,3.473562101431013,87.77571708277607,-0.17595853795065888,4.027538548593235,1.4807586006074371,[17.67168905  8.96570968 17.10247583  9.7574297 ],[-17.32027275 -20.59743968 -18.45411844 -20.86612868],24.26170402372295,20.905807354858798,[0.30918464 0.36244184 0.24490094 0.38739667],[0.24656965 0.32443085 0.22498923 0.20990928],4.819499999999994,-1.606499999999997,[-3.36284562 -4.55120114 -4.63957397 -4.33916975],[7.87523532 8.62260648 7.52777964 9.30880235],[4.97495373 3.61688594 5.75977956 5.64659379],[-7.65560239 -4.32239915 -6.75304882 -7.33659459],0
sham_D2-1_22d,22,19.74166269800315,-14.57438980585974,5.555555555555556,0.8018753738744785,5.832720854524806,-6.943699338367248,7.107292477050692,-3.9252165318209187,84.47497317889552,-1.6409816380583437,89.20502777222349,-4.041881476310777,4.450612773123793,1.235286026641465,[25.02692196 19.17539781 21.84550175 12.91882927],[-14.0815205  -13.91969057 -13.60322775 -16.69312039],21.339207848474448,20.371264115161665,[0.14185176 0.2798943  0.23925535 0.42534416],[0.20153127 0.22757615 0.23750659 0.36027506],19.278,0.0,[-3.308873   -4.64359705 -4.94340062 -3.40477077],[4.37620991 6.52415321 6.12312961 7.72043666],[5.38379863 4.68841109 5.8963865  6.50711863],[-7.21314034 -6.30857864 -4.95117877 -7.5070092 ],0
sham_D2-1_3d,3,15.274949977138718,-18.98965062779886,2.9999999999999996,4.69041575982343,5.6119878917538895,-7.234934202104476,8.443858277918661,-5.275197219508838,96.1814146752952,5.113206530704573,85.24625311608072,-3.6700081440782304,1.141706780810831,2.9075902525981427,[14.0034994  16.71914901 16.05366507 14.32348643],[-14.0325853  -20.57519127 -19.95212218 -21.39870377],21.329086189335186,20.20505055577559,[0.16924986 0.257773   0.38840646 0.34900375],[0.21294972 0.2531823  0.33647873 0.26693836],3.213000000000001,1.6065000000000111,[-3.40887667 -7.92084305 -5.28153429 -6.03540126],[6.24686465 6.99999258 7.73909142 8.59686764],[4.88368546 4.38509326 4.92618419 7.0791814 ],[-6.73129985 -6.24929398 -5.1326694  -6.50953796],0
sham_D2-1_40d,40,19.309522431489984,-16.728472817179128,8.035714285714285,10.364452469860625,6.382872988440521,-6.769872400327869,5.9955597270358725,-4.474011776972533,84.17162054345843,0.43917978672704067,101.25168897151745,3.4235215686149933,3.454254649099552,3.3925098443612205,[17.23346264 19.25578827 24.91019817 15.83864065],[-12.63465755 -16.26814841 -22.0629252  -15.9481601 ],27.045178860514433,26.830200096671945,[0.33723086 0.30338905 0.26650313 0.40900281],[0.33997024 0.32310323 0.20140818 0.37939824],12.852000000000004,1.606499999999997,[-3.60197366 -5.50136252 -9.78133406 -4.13024539],[3.89618316 4.77568393 9.16802381 8.35948964],[4.50358943 5.61018457 8.12370075 9.76730443],[-5.07327823 -7.67700609 -6.67423781 -9.55289588],0
sham_D3-2_10d,10,20.980325628495237,-17.55799967549833,4.974937185533101,5.196152422706633,6.162670969061308,-12.267650177442118,7.256302494728696,-4.864814058310597,82.34558350058211,-1.3981325215781581,91.6862962903687,3.373822144341757,5.079301184402131,3.3988104422731293,[26.95794374 14.23933957 24.65844901 18.0655702 ],[-15.82694298 -21.46194788 -20.04993009 -12.89317775],22.738102484864026,20.605188100211617,[0.16174537 0.29488976 0.30687114 0.42925586],[0.19349027 0.2503316  0.25372458 0.38053598],-1.606500000000004,4.819500000000005,[-3.36816775 -6.4276167  -5.08449011 -4.49293582],[6.52690457 7.53742615 8.00470223 6.62359197],[6.37316004 4.50407122 8.24248439 7.42287068],[-11.02661591  -8.61450545  -8.85710323 -12.17302413],0
sham_D3-2_1d,1,11.915262066009053,-22.373773532365867,6.4843227072857985,4.000596743681569,5.915823158602311,-5.8826652489877,10.820019470637432,-5.014073952989937,98.55934722682544,2.9534637463211553,87.16286959157775,-4.798996457905481,4.615374699968392,2.888258600209044,[19.66478303  8.48005188  8.33607441 11.18013895],[-17.68162998 -24.76314719 -24.74815863 -22.30215833],26.669502423748682,23.04011808101689,[0.25556452 0.40166762 0.35251423 0.41915278],[0.23019235 0.35302389 0.36015534 0.23797168],-1.606500000000004,4.819500000000005,[-3.31125596 -5.74069264 -5.20063591 -4.79501617],[ 8.07129387 11.55989938  7.85090874 11.36651061],[6.62276854 4.28129324 5.9242988  7.95782471],[-7.6512071  -4.24455617 -5.46167185 -7.43626622],0
sham_D3-2_21d,21,19.29540404871429,-20.938522615867015,0.9622504486493763,2.886751345948128,6.543516905192079,-5.349644473772633,8.470695653325798,-4.863557113133281,84.07277967265786,-0.445767984112926,91.61350785162637,3.197730244300089,2.198075213564281,2.969125376086258,[16.75208129 17.94142845 22.55362009 19.93448637],[-18.6451682  -21.11565686 -25.7203927  -18.2728727 ],20.6354119798521,22.221983900329793,[0.258196   0.23861141 0.2352063  0.3467549 ],[0.316925   0.23350927 0.37040201 0.25880856],-1.6065000000000005,3.212999999999994,[-4.35936319 -5.7627422  -6.39215995 -2.70177213],[ 4.81867018  7.29732795  8.11755755 10.07128835],[4.10238137 4.64619021 9.62751646 7.46499084],[-5.75529273 -5.00192593 -4.28811429 -6.8766254 ],0
sham_D3-2_3d,3,16.327564272028848,-17.823542145288194,6.42126458642602,4.773516348912334,5.28580532890844,-7.643549387597033,7.06482432792007,-4.063738626868557,96.70887561715078,6.643573296351523,83.22534547557545,-8.590060857851718,4.960562812163373,4.474009777657127,[23.00079644 15.61508249 17.56760394  9.12677422],[-13.14793075 -13.62511504 -23.03665485 -21.48446794],25.45444191796477,24.228184657332733,[0.26057933 0.32072974 0.33626142 0.38111364],[0.24556827 0.3794238  0.24542501 0.29519295],4.819499999999998,4.819500000000005,[-2.9147977  -4.20993574 -6.53830344 -4.903141  ],[4.39611819 6.28804236 9.5386326  8.10115114],[6.42487725 3.8822064  5.02595773 5.20526362],[-7.65616526 -7.51344735 -7.51860212 -8.99821785],0
sham_D3-2_42d,42,17.059023157844464,-23.29219339440917,1.6257964658604886,0.9803921568627431,5.789276935553918,-6.034864235205984,9.069000762850598,-5.526840000734296,83.7568679239984,-4.009934538265763,96.74842596582981,4.500141926586598,7.665924911462737,2.3357778099474085,[15.04173447  8.46952396 15.25732406 29.46751014],[-20.54136828 -26.2868324  -21.54874279 -24.79183012],19.712908979066945,22.520039725695888,[0.30553439 0.28284483 0.24257556 0.22848564],[0.26629951 0.3698331  0.24085115 0.18021694],12.851999999999997,4.819500000000005,[-5.1354087  -6.00634605 -4.52020823 -5.16681649],[5.33970687 7.30421557 9.16914155 9.64361933],[5.32479217 5.01792413 5.1925599  8.74298021],[-4.87637393 -2.63098341 -4.1811514  -9.52514239],0
sham_D4-4_10d,10,18.144494464961948,-16.702806981291612,7.280109889280521,6.689544080129827,5.84078890285115,-7.722446837548692,7.360385289616472,-4.002436681093421,85.62096358335738,-2.757708951882857,89.88458373361705,-0.36906776315074064,3.5846487937875677,2.552320539452816,[22.46900678 14.66602638 20.90265024 14.54029446],[-15.72782871 -15.54601485 -14.4902484  -21.04713597],20.433580928420316,20.13263180617707,[0.16067016 0.23953482 0.22267881 0.40763815],[0.18992098 0.32674633 0.19662206 0.31198132],-1.6065000000000005,0.0,[-3.32748851 -3.97912079 -4.54219864 -4.799687  ],[5.59893039 6.07918947 6.58592886 9.1128586 ],[5.31619681 4.67520102 7.6820823  5.76452242],[-8.02041006 -5.83678421 -5.95944361 -6.35237769],0
sham_D4-4_1d,1,17.00155447693645,-17.224635846602677,7.438987946398805,0.0,6.3715027257663515,-7.7891331520194065,9.255801593092421,-4.02530752180331,85.70183355987915,-6.06578285257387,96.70553281403738,1.3913924996978027,3.9959950896496843,2.033373608598063,[20.15000693 11.1885467  21.21638025 15.45128402],[-16.6736401  -18.50543661 -14.18316106 -19.53630561],20.098386020578065,16.94053988998876,[0.18943459 0.25633124 0.27493495 0.2897616 ],[0.21715483 0.302946   0.2386304  0.11975277],3.213000000000001,0.0,[-3.72857249 -4.59874187 -3.94380598 -4.46334654],[6.90133356 6.87186148 8.21537042 9.94104579],[5.29517291 4.27064917 7.2885147  5.66492277],[-7.80909718 -5.71591499 -5.68888272 -8.98603467],0
sham_D4-4_21d,21,19.06392661870936,-18.310039207250707,7.385548614372239,4.24522256757078,6.062457139991311,-9.625329809888157,8.430947343638808,-4.458257066389188,83.12095353248426,-4.9872328397606545,95.74653682093245,-1.5932571758203693,4.348829825474635,1.795452704694555,[17.96716741 12.44453374 23.57795199 22.26605333],[-16.30008345 -20.02542746 -16.74432301 -20.1703229 ],21.542630757397063,19.83320246641322,[0.28637091 0.34814091 0.26240816 0.38370465],[0.2397346  0.28895449 0.34082634 0.24412784],0.0,0.0,[-3.99829995 -5.25082626 -3.20011115 -4.36625917],[6.69802501 6.0777487  7.0912926  8.65429634],[4.37389547 3.40818394 6.66272362 6.44330189],[-10.3129924   -4.42754011  -7.51237163  -9.34556776],0
sham_D4-4_3d,3,12.34709773245974,-20.2844750594257,7.2435188333266165,2.884615384615384,5.777217718282887,-6.269851887855798,7.4242337745936915,-4.90924409586359,78.62646636934069,-6.057825171482314,100.23493918226063,4.844257825354289,7.129609027464146,4.503035638217509,[19.2088758   3.73796589  6.87264389 19.56890535],[-14.79443231 -17.79031876 -26.81372038 -21.73942878],21.13868919959457,24.713140964513524,[0.2350149  0.33322274 0.33489281 0.38923113],[0.26438545 0.51487108 0.41608611 0.23674759],1.606499999999997,3.212999999999994,[-3.12509016 -4.21931032 -5.85945454 -4.71122432],[5.76695667 4.85069791 7.6906646  7.27852825],[5.22058939 4.27640908 4.56420389 6.56030742],[-7.96334054 -3.0798618  -2.91996538 -7.71262836],0
sham_D4-4_41d,41,24.912320123646264,-23.382586938386883,19.35112405355284,0.0,8.184040958904848,-9.550519103426316,8.722982748586082,-6.877204715695539,81.7463351482744,-2.7663656416938878,91.18774246947581,3.603243388753503,7.861822814334336,3.004996351513635,[23.83116283 12.54871836 32.82312487 30.44627443],[-19.97762807 -27.90952421 -21.51705019 -24.12614528],18.7841341810709,20.491873201219903,[0.28196171 0.21108499 0.17845309 0.23051825],[0.23828634 0.26547579 0.29830498 0.17376601],-1.606500000000004,3.213000000000008,[-6.20426469 -7.95625745 -5.75822496 -5.21369211],[6.46957946 6.83543248 6.76730009 8.62329626],[6.25410455 4.85656981 7.56335682 8.8138322 ],[-10.07769985 -10.9516996  -10.92780519  -9.40699944],0
sham_D7-1_10d,10,20.468308855710397,-15.290961853603356,10.44498124153867,2.8846153846153855,6.325002489581981,-5.821249139626851,5.288159803029538,-3.989584788069625,86.24747710413257,-1.797447141898211,91.38740199128941,0.48083883811322603,5.213211591631106,3.607368674189075,[21.30444979 17.41152803 14.64315337 28.51410423],[-17.98326357 -10.46224499 -13.26035472 -19.45798413],23.065754290393265,20.476006668179345,[0.19981363 0.3077901  0.3948563  0.13960865],[0.25938509 0.2501585  0.26731721        nan],12.851999999999997,14.4585,[-3.96717054 -3.92309003 -2.62593304 -6.50939881],[4.104222   5.9882602  5.42976734 9.58719376],[ 6.04368623  5.58971251  4.16959643 11.60265766],[ -3.66775434  -4.72507022  -8.94830264 -12.57134015],0
sham_D7-1_1d,1,14.837777396688441,-20.228509139255692,5.292486367588404,1.8426072420945505,5.525489252612062,-5.422130958529429,12.1233400099619,-4.205922768928634,85.46925930490573,-0.34618530222277644,90.77461784630502,-0.3748829224259317,2.1314890427463737,0.9046726837916745,[16.32554187 11.6844015  17.19187019 14.14929602],[-18.67595688 -20.66910619 -20.94411787 -20.62485562],19.803873287800133,18.237048232893493,[0.25002145 0.27735794 0.25834917 0.35089906],[0.20940854 0.32319112 0.19415864 0.15072747],-1.606500000000004,1.6065000000000111,[-3.19889507 -4.69159176 -4.01773886 -4.00311079],[10.10611381  7.93889925  9.64802293 11.21807821],[4.2389274  4.75506085 6.10765145 5.30999859],[-7.16883831 -4.07344693 -4.83478334 -7.78688103],0
sham_D7-1_21d,21,21.14051822547477,-21.435590131007867,6.279935169560432,2.618914004394621,7.1022483859939545,-7.185010325194146,7.92840231232138,-5.04450317125067,82.2525198692416,2.1742709017749844,89.84029131916103,-1.1694659554431428,6.878899538308408,5.632233211248342,[21.83410554 12.22849107 19.10155274 31.39792355],[-20.83082171 -16.3113013  -17.82504832 -30.7751892 ],17.312173284575337,20.97999052567996,[0.17963414 0.23130774 0.2668072  0.03869789],[0.24751168 0.20064436 0.33895752 0.06701651],20.8845,-1.606499999999997,[ -4.12730578  -5.05420927  -4.97151086 -12.61277583],[ 4.96840794  9.58076137 10.34197862  8.17543495],[ 6.17111969  9.20452624  7.72218751 10.7829281 ],[-6.32909443 -8.36083805 -4.88882695 -9.12648564],0
sham_D7-1_3d,3,17.611597609267392,-20.413177051481046,11.221101119862348,5.716619504750294,6.02651823122154,-6.942060198545902,8.942427276289502,-4.0445140861775375,81.53323948805784,2.6345558080805236,86.910395093471,-1.267818164396741,5.500331521203313,4.106513197325886,[25.19768979 12.54685629 12.18945711 20.51238724],[-18.02962194 -15.13139437 -22.74642312 -25.74526877],21.041485371528914,17.999151515397948,[0.22436667 0.34628407 0.32352623 0.06619379],[0.19161844 0.13903201 0.22441289        nan],8.032499999999999,1.606499999999997,[-3.13793964 -3.43977168 -4.55360875 -7.89940447],[5.93447089 9.38733022 9.04198699 7.11288978],[5.90123827 4.19975675 7.01817962 9.19597152],[-6.64699666 -8.74479915 -4.83883114 -6.00379248],0
sham_D7-1_40d,40,19.7790113713036,-18.091252431628718,5.8680211229209,0.0,8.449660166545192,-8.256431310530957,7.8828550979480845,-4.6078483377677095,82.57521580384048,0.8273104536654067,85.32354532050383,2.6942874098500895,4.5514609075250645,0.2211662311460009,[16.00873252 15.67983502 26.94489771 20.48258023],[-18.41243915 -17.81896209 -17.97417693 -18.15943155],18.562808083747857,21.131983363473935,[0.14472475 0.23650031 0.26869675 0.36892219],[0.24293223 0.31513908 0.26102455 0.25662511],3.213000000000001,1.606499999999997,[-3.89039024 -4.328883   -4.43720228 -5.29491798],[6.85878094 8.91589139 6.53727814 9.70507524],[ 5.52281798  5.63988668  8.16697741 11.80784667],[ -4.11576527  -4.32555394  -8.35095461 -12.22687673],0
sham_D9-1_10d,10,13.955778174247286,-19.820457423757677,0.9841197770277713,0.9841197770277713,5.267367909966081,-7.348593014905359,9.652065712862479,-5.148099844990228,99.63514136115998,-0.43407049226366956,86.17071943977204,0.3613075723399174,2.6840050819745187,2.646518169196471,[10.36968856 15.25289296 17.51410949 12.68642169],[-15.7661345  -20.82761134 -19.62332684 -23.06475701],22.088407834496913,21.063640031053314,[0.19026459 0.28368556 0.21639736 0.2616474 ],[0.28492918 0.23279307 0.14201398 0.23008472],4.8195000000000014,0.0,[-4.12746617 -3.85341952 -4.66361953 -5.24106679],[5.68661557 9.5391037  8.12311594 9.89821693],[6.62485706 5.37800269 6.67603217 5.26130399],[-4.81048004 -7.93573393 -8.45228663 -6.69420724],0
sham_D9-1_1d,1,14.296731518706999,-15.131264600256092,7.622766949324819,1.9741814228305958,4.7635718623474546,-6.938104875193155,7.294651384483011,-3.667500640498459,98.02731706189007,2.829856434331419,81.87869523751988,0.692672237777461,4.190522993040351,2.1637396701407225,[17.59765933  7.1053379  16.41775278 16.06617606],[-12.26916603 -16.0219523  -14.14226573 -18.09167434],22.913782773990125,21.151713424283578,[0.18080503 0.29767139 0.18092423 0.31290809],[0.24196008 0.36485842 0.29938117 0.19429856],6.425999999999995,1.606499999999997,[-2.79456165 -4.50935869 -3.40487358 -4.10202515],[4.46637193 6.33585631 6.45031852 7.23227291],[6.57265329 4.06142385 5.40650643 4.34397613],[ -4.93994317  -5.1606903   -7.46253503 -11.25360396],0
sham_D9-1_21d,21,18.671866800784226,-17.977210126524696,0.9021097956087885,1.4731391274719743,5.975137317589497,-6.737185931416606,8.922633546027098,-4.997009283584324,83.30089412340608,-1.2280329448639289,92.95473513773281,-0.3121620618472016,4.9384989532744985,3.8857077788365055,[16.21826193 14.32751248 27.04856534 17.09312745],[-17.87770109 -13.83948538 -15.95534658 -24.23630746],19.892784776823145,20.66060092662932,[0.25231399 0.33308288 0.18568102 0.31718872],[0.30825701 0.29333152 0.26304841 0.2390287 ],14.458499999999997,0.0,[-4.58995323 -3.53193259 -4.45298957 -4.91748563],[ 4.8686508   6.46585015  6.31882947 11.06006718],[5.60877184 4.03786452 7.64087114 5.55613032],[-7.13472153 -5.80259916 -6.71527041 -5.06808859],0
sham_D9-1_3d,3,17.413674749688557,-19.544315586757882,7.8644108700737,0.9021097956087885,5.800475663914275,-5.766795641256301,8.328738344201183,-4.628008384328282,79.17680196675184,-2.1261693752869153,91.02254998603827,5.002636394260481,1.9976193584101156,1.726687821669597,[15.19039949 15.70715093 18.93977164 19.81737694],[-18.67524372 -21.68696468 -17.20920827 -20.60584567],19.42823302824784,21.684393176842846,[0.26731659 0.20606895 0.14902004 0.29179968],[0.29336717 0.31650797 0.32363832 0.23852411],16.064999999999998,4.819500000000005,[-3.55835346 -4.74128695 -4.17986127 -4.44929402],[6.51095979 7.04749224 8.2599108  7.98750133],[5.48587964 4.38665388 6.09555324 6.34219371],[-6.50139994 -3.86426107 -6.08970272 -6.33912719],0
sham_D9-1_42d,42,18.77497495352113,-17.306815829926876,6.428861298335296,0.8490445135141538,6.499436270233028,-7.373720733845122,7.179540383922118,-4.499390899813036,80.26802141173943,-1.649064155302885,91.50516217237167,2.08309031105007,4.951308843490295,4.036495043611974,[21.85209121 15.23387083 25.16919786 12.84473991],[-13.72724292 -17.41174923 -14.23205413 -23.85621704],18.64899653304693,20.379382920491825,[0.22573275 0.32826567 0.18643348 0.28860067],[0.28153097 0.31001465 0.27846157 0.24171455],9.638999999999996,1.606499999999997,[-3.50703987 -3.85049064 -5.07074596 -4.81176926],[5.50822082 5.17320609 4.45521997 9.62284978],[6.88661129 5.59802558 6.39857055 5.64621528],[-7.55905898 -4.44784159 -5.22564638 -7.11012904],0
