Name,Day,GRS,GCS,Rad SDI,Circ SDI,GRSRs,GRSRd,GCSRd,GCSRs,TSd,TSs,TCs,TCd,r_std,c_std,r_reg,c_reg,angle_std_s,angle_std_e,std_s_reg,std_e_reg,t_peak_diff_s,t_peak_diff_e,GCSRs_reg,GCSRd_reg,GRSRs_reg,GRSRd_reg,TSs_reg,TSd_reg,TCs_reg,TCd_reg,Condition
mi_D11-3_10d,10,27.545755548673974,-13.00288479330264,8.201308706361528,7.929049280033961,6.403778302860325,-10.578576587438075,4.977557407798256,-2.5637995131447306,80.46186738958714,11.649857788880643,75.62520914912284,0.3154326143009279,12.451502673352527,5.993303666129692,[10.82699745 20.27692142 39.31090038 39.76820295],[ -9.89005624  -9.79247455  -8.96413457 -23.36487381],41.60304472369941,33.795592720503656,[0.54089849 0.52574078 0.35845486 0.41376923],[0.41093134 0.47373444 0.43145832 0.40554961],0.0,1.616500000000002,[ -1.77433061  -5.17407062 -12.04517837  -7.16840605],[ 3.59211807  6.83774597  8.57713946 11.21123093],[ 7.33692681  6.30994067 15.68061987 12.15338022],[ -8.81620683 -11.57697162 -15.44333521 -27.01009913],[-0.66067886 -0.11265313 -0.15478314  0.09861349],[2.33293308 2.42725995 1.69304389 1.5553627 ],[1.49141568 2.23839881 2.2908657  2.219607  ],[ 0.22156509 -0.66117148 -0.69734333 -0.65487276],1
mi_D11-3_1d,1,23.961152084812717,-14.557781949775832,6.4031242374328485,7.39932429347437,5.6118693395251125,-12.101646263491421,5.5095192652661655,-2.1112773156966944,103.17097557689878,7.710310256836077,86.61350915319116,-7.0632772143335725,15.5973773900005,7.100328204059812,[ 5.30848819 12.31200031 35.21410522 43.01001463],[ -2.78900928 -21.19388266 -15.40007633 -18.84815953],36.390107125334495,31.94605661119497,[0.69434454 0.49371634 0.36975279 0.39818868],[0.47922771 0.37835988 0.4568432  0.32657675],-14.548500000000004,3.23299999999999,[-1.21357779 -4.54601509 -5.83144834 -4.32720671],[1.27692195 7.43162616 6.95567254 9.63182523],[ 2.95513636  4.69102261  9.37430979 10.29508854],[ -3.86761328  -7.008113   -14.70149865 -22.34857822],[-0.60372914 -0.65913787 -0.50834045 -0.63928645],[1.77620997 2.40212443 2.2447372  2.42979445],[2.43386809 2.13019715 1.81322755 1.68295928],[-0.68797022 -0.33236329 -0.01327639  0.10873101],1
mi_D11-3_21d,21,26.617732446290518,-9.734615857579877,1.2626906806902631,25.17081314109009,8.703228326500069,-12.418832524982468,4.39975504398932,-3.1548545507483707,91.81569652986312,-1.5722456033102583,90.71100562031033,-3.6789171870239232,11.131651177073886,7.700829867608603,[18.06212523 19.36656199 23.45428718 45.58795538],[ -0.2108448  -11.52819737 -21.13011758  -6.06930369],43.23133093389114,34.01919053325793,[0.30738104 0.53894296 0.57340225 0.63569567],[0.33637432 0.43824245 0.51433236 0.55880814],1.6165000000000056,4.849500000000006,[-4.87626783 -4.18223644 -4.61636937 -4.0286021 ],[ 2.11303909  3.4609451  11.17679884  7.37360935],[ 7.01722119  4.3197705  12.7228733  11.22148886],[-14.18489466  -9.30733256 -11.33665755 -15.19326076],[-0.66990973 -0.55966157 -0.66581177 -0.67194585],[2.42753062 2.42382629 2.39285702 2.12560367],[2.44182475 2.33592231 2.43359771 2.41477187],[-0.59587545 -0.56688268 -0.54179691 -0.66238371],1
mi_D11-3_3d,3,25.45974784544351,-15.926127174894544,5.719035685368934,7.664187174184867,5.318969752047554,-12.612832715734033,8.35961600569869,-2.905969378678617,76.48527509461267,-9.806437495160141,96.89406563594791,3.0284603958816505,13.766024645037927,8.13769940153118,[ 4.53423518 23.84807837 31.09021466 42.36646316],[ -2.34069776 -17.02513177 -22.9314092  -21.40726998],39.67779047933388,31.573668720523564,[0.45653861 0.51775401 0.32333761 0.33808147],[0.45330469 0.43471016 0.29612959 0.24785674],3.233000000000004,1.616500000000002,[-0.94417284 -3.32412756 -5.52806389 -6.21755606],[ 2.0695358  11.22109709 11.5498347  12.78737317],[5.0040433  8.60829159 7.69242615 8.46581303],[ -4.60241433 -10.70969796 -16.40885985 -19.53202457],[-0.67080809 -0.44963868 -0.12566638  0.09218117],[2.43949792 1.96692431 2.1471881  1.6322458 ],[1.78054909 2.42997894 2.42943662 2.43415652],[ 0.2533306  -0.42055937 -0.6879992  -0.68263881],1
mi_D11-3_40d,40,31.406475839783454,-11.049481315500069,6.521471137620449,7.855833960753936,8.109546680084422,-9.706342923169181,3.8691350750445386,-2.6671738598996795,89.43437402842073,-11.39413210714224,104.65056874170135,-2.863391452180145,12.396014994116017,5.485714051120498,[11.9689747  29.43242274 40.75135489 43.47315103],[ -3.04582712 -14.8271474   -9.09347639 -17.23147435],41.40079995835344,39.55018014558977,[0.50766793 0.51932277 0.54920955 0.56517728],[0.70923846 0.58657328 0.44691476 0.55151222],-9.699000000000005,1.616500000000002,[-1.80877687 -6.68595307 -4.13224397 -3.4041244 ],[2.8115186  5.22998101 8.06906826 7.20280201],[ 6.72190456  9.47630984  9.47996158 13.82359276],[ -7.07909922 -10.47118012 -14.31969996 -14.20862748],[-0.69358349 -0.53986536 -0.69773075 -0.48092948],[2.43056397 2.25443598 2.434926   2.40508302],[2.34270316 2.42393697 1.92966764 2.34856985],[-0.61998434 -0.35714385 -0.30104076 -0.67795183],1
mi_D12-8_10d,10,18.75860100037211,-9.79179848428221,15.370407741276479,8.90063858014974,7.999843506820673,-13.1070496337439,6.4994536983252695,-1.8370376591110316,76.35636334160039,5.914217556743206,80.43681109167161,6.637820989536125,10.475674463085445,2.567944013415208,[ 4.03285596 17.85685728 33.61468557 19.53000519],[ -6.97302461  -7.70732488 -11.2270779  -13.25976655],42.237031922224126,31.449212423934714,[0.59679104 0.60181189 0.44015656 0.64640639],[0.33240775 0.31478649 0.43136418 0.58384566],-17.781500000000005,-1.6164999999999878,[-3.4772046  -2.51462717 -2.37071658 -3.59222565],[4.22440523 6.50767489 6.06192921 6.2013699 ],[ 5.92549974  5.52725379 11.82756994  8.07881768],[ -4.87408488  -9.7950083  -14.44987744 -12.7136596 ],[ 0.05211486 -0.66064328 -0.64003506 -0.65036328],[1.96357293 2.40113052 2.42373979 2.44317277],[2.42533112 2.3678383  2.21194809 1.57420795],[-0.66730144 -0.34717946 -0.69437274 -0.11939704],1
mi_D12-8_1d,1,18.29996112696773,-13.1400666845684,5.77350269189626,5.527707983925668,5.965510961008366,-12.653769502622904,8.026802719969776,-2.6553730677161944,85.21102401544218,2.534799059318625,88.9465625639192,1.5266953165169874,11.34328786975708,5.631103722017573,[ 2.9363582  12.40978916 25.91978815 31.93390899],[ -3.74263424 -15.49966466 -18.6828812  -14.63508663],40.18448686374572,29.178743442332642,[0.7390723  0.43612511 0.42190916 0.51653566],[0.57497359 0.34384861 0.35061597 0.27561314],-8.0825,0.0,[-1.53609396 -5.45627147 -5.32478754 -4.20775791],[ 2.95432428  7.17184791  9.74081937 13.00814693],[ 2.91130207  5.15457178 11.1692348   9.83380379],[ -4.65242777  -9.39844525 -17.49882375 -15.56899178],[-0.24664433 -0.64809579 -0.68910737 -0.39759466],[1.57924545 1.88396037 2.41288885 2.33691155],[2.43513997 2.06907879 1.47462601 1.67557149],[-0.67242657 -0.34374188 -0.33505332 -0.10700924],1
mi_D12-8_21d,21,20.485942166762314,-12.47740127062913,10.092375511175678,9.808026018396689,7.8255820489640415,-9.124887635537725,7.4864377997392495,-2.9115829591217293,95.54279031387918,3.2484834553012707,94.89514580887608,6.278042579739577,8.362513976667792,6.3420120581214645,[ 6.29991284 24.73768954 23.10140318 27.8047631 ],[ -1.77252525 -17.14757061 -17.26545689 -13.72405234],47.00277722215541,38.441925271363516,[0.36634921 0.49934066 0.67154493 0.55912236],[0.51540418 0.42322068 0.53075387 0.43185671],4.849500000000003,-3.23299999999999,[-2.91967562 -4.75803906 -6.18325425 -5.63316184],[4.24468795 8.18169393 7.73828051 9.25031563],[11.11315662  5.34763169 10.23349119  9.51943496],[ -5.79701148 -12.66816557 -13.83719894 -16.9743327 ],[-0.69673674 -0.60150406 -0.44778059 -0.56460403],[2.42200701 2.39770618 2.35313981 2.36578993],[2.43435116 1.58970683 2.35997674 2.42958292],[-0.68296203 -0.11204887 -0.64419723 -0.65459619],1
mi_D12-8_3d,3,15.07656099998524,-9.065876374880474,7.106848666660077,22.364659605905096,5.196978395767286,-9.640580542852783,4.428960758246716,-2.2329062285504957,87.74783766343359,-8.30317957181426,93.8700852304656,2.390025814059804,10.77993714877935,5.318702571650015,[ 3.97338882  8.45678771 15.55128972 32.32477776],[ -1.62696848  -7.08918508 -15.96262263 -11.58472932],42.38118363528953,32.940821719298434,[0.53485886 0.64505429 0.50504958 0.49958476],[0.52117794 0.53112981 0.54450642 0.43760215],-4.849500000000003,0.0,[-1.88990263 -1.6870862  -3.98535776 -2.61794434],[2.48786913 2.65089756 4.7791239  5.93825068],[ 2.55293679  1.86391448 10.78053645  8.54796822],[ -4.24651461  -5.46691728  -6.24560612 -15.04306151],[-0.67023016 -0.66215259 -0.23944525 -0.31343043],[2.43427522 2.42024709 2.03794191 2.21473126],[2.43381588 2.21973314 2.42433663 2.42425555],[-0.55222579 -0.1181243  -0.59301449 -0.68561324],1
mi_D12-8_45d,45,30.775013517643295,-9.511222693837539,7.494450609673027,5.985528652879199,6.895334436179627,-11.918266065913167,3.086528032756533,-3.532065221078816,86.1593481249592,-15.945720970625553,105.26604410030562,7.558472175699261,12.208967859427059,5.9408897420138755,[15.49770755 32.24201126 26.16224425 49.19809101],[ -3.37284061 -12.48974454 -17.78566543  -4.3966402 ],47.92510974853509,39.60761586589361,[0.66116982 0.4668652  0.50638391 0.5332212 ],[0.54984553 0.53739632 0.62039284 0.53526063],-17.7815,-4.849499999999992,[-2.70553833 -8.64942344 -9.37311702 -7.32087818],[1.68001031 6.53510788 9.62196241 9.48148294],[ 3.05936676 11.36041848 15.30797865 21.11263533],[ -8.39840429 -11.91517203 -14.43188946 -37.49134925],[-0.66723913 -0.68408832 -0.55448317 -0.68893744],[2.41590849 2.43535851 2.23632913 2.43849018],[2.3839078  1.74771394 2.43623972 2.39121307],[-0.68573714 -0.05997926 -0.29916559 -0.68579469],1
mi_D4-6_10d,10,8.4521898639429,-7.195111059047392,18.30342019875581,21.417588744741764,6.402963586755864,-4.596184707015402,4.671540333129648,-2.1126464024230214,110.31785682274275,-20.852581251279357,111.76561034482326,-3.549418036509972,6.2378803014274276,6.035809685804734,[ 1.53596596 17.03941814 11.65858279  3.57479257],[ -2.2834152   -0.1663563  -13.83937799 -12.49129474],49.02355150956274,44.74594101582184,[0.7217197  0.60132674 0.56892331 0.60931306],[0.68201931 0.50802126 0.30426283 0.33789012],9.638999999999996,-4.819499999999991,[-1.958932   -6.67249576 -6.02513085 -6.05775024],[2.71882684 8.17396133 9.31284604 8.59049323],[ 6.56607116 13.87306138  6.72147574 11.19936103],[ -1.99956248  -6.26677905  -9.34344127 -16.18641849],[-0.69039116 -0.5897783  -0.40200525 -0.63934976],[2.44089042 2.30255565 2.42452376 2.19669336],[1.88143182 2.40493099 2.43337388 2.42763099],[ 0.20294541 -0.68946972 -0.65096593 -0.68335252],1
mi_D4-6_1d,1,18.349291438754676,-10.672404621446988,6.589323724446813,4.951322597361031,4.74978603520532,-7.1969058068130884,5.325059531912284,-2.07595588344892,67.96431191193217,-16.317081370961752,108.16157547769447,17.535490586532134,7.458670646299554,5.41418242842446,[ 5.79038316 24.52863534 23.30926885 19.76887841],[ -2.64563947 -12.28567921 -10.02847197 -17.72982784],44.953947307293326,46.08608914087153,[0.79867319 0.41061846 0.3950824  0.42692709],[0.63576814 0.2730645  0.40396415 0.31364377],-8.032500000000006,4.819500000000005,[ -0.84866011  -5.59914563 -11.10235664  -6.06188601],[ 2.42727508  9.72386909  9.44514755 17.94438209],[ 3.64549664 10.60842523 10.64674131 16.830859  ],[ -5.18060314 -15.59248754 -14.76847237 -24.25456611],[-0.69592111 -0.57965575 -0.09007899  0.26430437],[2.43520908 2.03261966 1.5829365  1.60685844],[2.0188708  2.33129548 2.39481904 2.41338123],[ 0.15691178 -0.6734341  -0.67650572 -0.68486297],1
mi_D4-6_21d,21,11.108233310377326,-12.552459860375862,25.27879435278163,11.669166864955644,7.911938512972535,-4.766984019938038,6.863391451992473,-2.8307220762927967,111.12856725966748,-4.381672517349607,96.05196798296575,-7.850671354323444,9.576571604901979,8.13936880946021,[ 0.60277976 12.92143551  5.07618426 25.83253372],[ -1.35167276  -8.23519636 -20.80945881 -19.81351151],39.37977220854777,48.0687806819205,[0.545142   0.40524807 0.45850147 0.40213314],[0.59057157 0.48576243 0.47805114 0.30514572],11.245499999999996,8.032499999999999,[-1.70871326 -4.13428593 -7.02423406 -4.78330764],[ 4.03407469 11.40641281 10.3455181  12.27485087],[ 6.9845597   9.92195802 10.66460739  8.88651103],[ -0.22189803  -2.82475259  -6.59789123 -15.96861689],[-0.69396388 -0.67226451 -0.09894196  0.04075324],[2.43729763 2.05767379 1.9109017  1.5622895 ],[1.46825077 2.36509014 2.43277735 2.429747  ],[ 0.76362051 -0.63515898 -0.6037616  -0.47638234],1
mi_D4-6_3d,3,22.120955098506442,-17.315676360094862,6.622287020206774,5.292486367588404,5.0781992403570175,-11.284307998016637,7.304276170181164,-1.847106912687898,102.01092560947201,9.013773979234825,89.75298611431664,-12.358022499892453,11.835013974134899,9.169734459539145,[ 4.367679   20.35884381 26.80118869 36.95610889],[ -4.74318617 -12.51490981 -27.46965378 -24.53495567],39.44284998156267,37.360360631512826,[0.64302031 0.50808915 0.43973583 0.32502726],[0.54301479 0.3013183  0.27552457 0.20273891],14.458499999999997,6.426000000000002,[-1.39371803 -4.66476407 -5.37908046 -4.20969295],[ 2.49113351  8.87493346 11.20169112 11.71785042],[4.20280092 7.39684081 8.46987141 7.69458782],[ -2.86693585 -13.90280482 -20.13751572 -26.45948053],[ 0.3511503  -0.66993993 -0.62218316 -0.65063477],[1.93463378 2.39373182 2.37304381 2.41985336],[2.41881029 1.96105928 1.41613899 1.72614184],[-0.68486185 -0.01431708  0.10274739  0.13797773],1
mi_D4-6_41d,41,11.090065778360701,-10.864743065662054,3.7652675234650026,10.03406347571506,5.6982309183654385,-4.125684371604491,7.550381307969248,-2.2503148054748094,111.30614913512211,1.2413722895459791,84.42452040079675,-13.148632090309693,2.3847191099460394,7.312475976494446,[11.9440197   8.68969111  9.11911904 14.60743327],[ -2.80544901  -8.3448767   -9.57298774 -22.73565881],41.193093607321075,45.59604512395287,[0.6504742  0.72760525 0.54693074 0.30512473],[0.71754606 0.68566821 0.47467908 0.39892295],-51.408,0.0,[-2.26204577 -5.10060911 -3.57115677 -4.46638197],[ 2.88086751  9.77985294  8.20160861 13.52982876],[ 7.25918375  8.26834999  4.69867508 36.11767049],[ -3.60440274 -10.58706684  -8.47696291 -11.68564222],[-0.67986956 -0.62617594 -0.69666059  0.13259732],[2.39915817 2.41993399 2.02646585 1.60961085],[1.52070342 2.40721152 2.39661327 2.44078383],[-0.38975871 -0.66158021 -0.68776233 -0.69539968],1
mi_D8-7_10d,10,30.35397348348251,-14.198483774218538,7.6923076923076925,6.521471137620454,7.955889833392997,-7.974209487300877,6.043738186375741,-3.1887641894453647,81.22267957573362,-8.39371285855995,97.46234952712722,5.9893723041155935,9.65467033299337,4.628605902837863,[17.98455036 23.92087205 40.67603693 38.83443459],[ -7.8725055  -14.99494073 -20.82043399 -13.10605487],30.71808784361772,29.598388565211632,[0.31726127 0.46344293 0.40310771 0.26229519],[0.35692551 0.45713188 0.42790697 0.43420525],-8.032500000000006,0.0,[-1.73446528 -3.02331877 -5.30995771 -3.67940657],[6.23864939 4.73570936 6.43210279 7.44321675],[ 8.9156367   5.75384663 13.30524636 11.18462603],[-10.17681781  -6.64424354 -11.34583227  -8.42439937],[-0.36543122 -0.63913167 -0.49176058  0.17657565],[2.24272147 2.40298477 2.04066078 1.92600644],[2.06110243 1.60780617 1.86053981 1.6962882 ],[-0.20805509  0.02182993  0.00382635 -0.6797715 ],1
mi_D8-7_1d,1,18.81450084960604,-10.098069443898243,11.19090232715978,7.271243565358508,10.818005615135021,-4.525674667457093,7.547365717773336,-3.42029871395638,87.1046718399772,-2.169117192806369,85.60479305213154,-1.1169172908093972,11.395751397155996,4.195302135298617,[ 6.41129675  8.50848477 31.04797943 29.29024245],[ -3.03199606 -13.91475389 -11.16307539 -12.28245244],34.95508893265447,34.31551599088275,[0.4648745  0.48535412 0.40474013 0.40123734],[0.41854479 0.49462397 0.41164609 0.45283158],11.2455,0.0,[-1.69483425 -1.9506157  -5.40551776 -4.66208832],[ 2.0530594  10.27939389  9.64942559  5.7597086 ],[ 2.94245333  5.29690899 17.11189818 12.25735674],[-6.2550499  -5.3728193  -9.90018282 -8.35898371],[-0.66574716 -0.55641997 -0.64227458 -0.27485752],[1.86394316 2.26111    2.36942398 2.41956455],[2.25436948 2.00770519 1.63197274 2.41204593],[-0.62901905  0.07650646  0.222432   -0.57562557],1
mi_D8-7_20d,20,26.775436615731188,-13.069056322931523,7.106848666660077,6.603773584905663,7.434009945193298,-10.59852603267351,5.051175083980244,-3.1960437757673703,77.52604814404995,-11.206402372325483,98.25804291901918,7.164650809629942,11.081049951227916,6.536156403431455,[11.27363915 22.7304947  31.88758962 41.21002299],[ -3.21436783 -11.20113176 -18.04393564 -19.81679006],31.481609608693308,28.061529911580603,[0.44087472 0.50274463 0.38248924 0.3230675 ],[0.37917451 0.3966403  0.39609398 0.33335205],6.425999999999995,1.606499999999997,[-1.23514099 -2.53810261 -4.13431028 -5.96372709],[2.20355528 4.12222792 7.18710424 8.40048009],[ 6.9469884   5.42806295 10.03155395 10.09239403],[ -9.71201657  -9.57927209 -14.49523575 -10.52789115],[-0.69660058 -0.50404618 -0.6144325   0.16351231],[2.43408032 2.04589474 2.26755917 1.70596157],[2.37826792 1.68204764 1.684231   2.21157893],[-0.12908439  0.08274191  0.06831288 -0.66167879],1
mi_D8-7_3d,3,25.42012470337339,-14.68003042995089,5.172413793103448,6.451133425472314,6.836298953732983,-12.26212419172965,6.802097538405851,-2.77238212529127,81.75780865959305,-11.203339379119274,99.3849616824833,-0.29354808617437833,12.257888301073011,6.981818816498822,[15.65641888 15.87436714 45.75530993 24.39440285],[ -4.30029439 -16.89128932 -13.81489629 -23.71364171],33.88064348780573,29.821103585329006,[0.41009746 0.36738173 0.40740693 0.3408828 ],[0.28454012 0.4734658  0.3574872  0.56198231],-8.032500000000006,0.0,[-0.92164722 -3.07970368 -5.54453269 -6.21568673],[ 2.5362264   6.60267896  9.00397759 12.28631375],[ 4.49256269  6.73249317 12.00574544  8.62883199],[-10.85239202  -4.20931911 -20.6605647  -11.64114735],[-0.68718001 -0.68417508 -0.56199485  0.08987418],[2.4377155  2.28076177 2.42022359 1.58926058],[2.40332338 2.19101204 1.99162879 2.4433213 ],[-0.0137784  -0.2445865  -0.00902314 -0.69584548],1
mi_D8-7_41d,41,17.689041279173182,-15.697380186326084,7.243518833326619,7.259456187760335,8.384345833292297,-8.730658751711683,7.311438157808657,-3.1439899552054418,77.82496502787525,-16.013752758212174,100.82312556162059,6.542728780526074,10.352372205554339,6.6259124153434605,[ 1.14408551 17.23744375 23.91734794 28.45728792],[ -9.05061409  -9.36064121 -24.0588117  -20.31945375],35.62524623045849,34.125553773690264,[0.34349886 0.56675307 0.36108785 0.34797605],[0.41409995 0.57518856 0.45950457 0.44019133],8.032499999999995,-1.606499999999997,[-2.32648428 -2.46537299 -3.88801402 -6.35034891],[5.58672527 5.58205695 8.90586623 7.86481799],[ 8.85277419  7.33845722 18.28310769  9.20250373],[-10.14118162  -4.5231072  -12.26785858 -14.17941359],[-0.69661027 -0.62857721 -0.68597409  0.25345736],[2.4305651  2.36733187 2.37612915 1.53392866],[2.42933527 1.59450289 2.19916508 2.43796025],[-0.68073437  0.12639085 -0.6257042  -0.69590715],1
mi_D8-8_10d,10,21.96832400723676,-15.109212329221581,6.0827625302982185,6.06217782649107,7.4285832685701125,-6.752062423288328,8.852999880489394,-4.9153753038886485,83.29916640472473,-9.963840587622645,98.09916331097675,5.191329347760503,5.774853815627651,5.316791809488944,[19.88750823 13.44098333 27.47724522 27.06755926],[ -7.11987182 -13.45579997 -19.83460715 -20.02657037],31.45034755851215,31.371505022222447,[0.19994973 0.48062582 0.43941501 0.32598204],[0.19064015 0.46671535 0.48462948 0.45373216],-8.032500000000006,4.819500000000005,[-3.20744522 -4.0435637  -6.06671267 -5.48988591],[ 5.73488144  6.20642656 11.22422973  9.57031732],[ 6.46031181  3.48288906 13.03873141 11.83735115],[-14.25722774  -6.86367701  -7.29033654  -8.03589228],[-0.59875539 -0.3123158  -0.54972311  0.21612922],[2.43426036 2.43463612 2.41495914 1.50413828],[2.27338123 1.67746308 2.26012616 2.44184275],[-0.44820582  0.07019269 -0.57755072 -0.66581058],1
mi_D8-8_1d,1,22.389022602515666,-14.44914657733434,5.963492676762962,6.55837654914689,7.516853025608796,-8.421182920197076,10.66902678030346,-3.133520865800667,83.3592524102936,-2.2490636251856517,92.00494392958348,1.8324143603543177,11.911609078179515,6.653802955692183,[ 6.67238511 16.96691908 38.77692543 27.13986079],[ -3.73546048 -16.63658216 -15.45835442 -21.96618925],33.45253752382464,30.594450797141853,[0.3514478  0.48845346 0.38034505 0.40811272],[0.33078141 0.42816726 0.30285017 0.54579901],-11.245500000000007,0.0,[-1.87905158 -3.12157012 -6.26074743 -6.63712629],[ 3.13200432  8.63716343 12.15349511 12.74254179],[ 5.22092099  4.58125337 10.14539029 13.43618282],[ -5.47741731  -6.07659089 -13.64178952 -15.13292026],[-0.66604904 -0.64747209 -0.64296576  0.08492929],[2.25865745 1.73265833 2.41440996 2.39497915],[2.40419724 1.87554531 1.47663205 2.41180393],[-0.69304049 -0.18538088  0.1499435  -0.68264081],1
mi_D8-8_20d,20,33.679146370247636,-14.804807300612843,12.457059302846027,4.721314364437764,11.847968326218052,-13.2754019494984,6.9734700905401805,-3.6321130384827804,83.47729643985585,-6.232219133948172,99.3195858084726,5.678993733567556,5.430583949893033,7.229051597927391,[31.00592813 36.94847336 26.31169667 40.45048732],[-11.05574252 -10.42955267 -27.31788782 -10.41604618],31.74685032595894,30.17082763275727,[0.44019337 0.47695891 0.31203817 0.16774168],[0.36036837 0.44532167 0.40834714 0.25260523],11.245499999999996,0.0,[ -3.20676775  -4.45620415  -7.34149372 -11.47110701],[ 6.33423215  9.97090936  8.83788744 14.56276375],[ 7.364443   15.92420466 14.30823057 15.70871058],[-13.68450857 -14.00582549  -9.29095018 -17.76288969],[-0.52406169  0.06026084  0.22550475  0.16740123],[2.29271217 1.76409326 1.35933302 1.60626493],[1.71969898 2.42334478 2.42575822 2.41771745],[ 0.21434284 -0.61470916 -0.6928743  -0.69072737],1
mi_D8-8_3d,3,15.853711595531648,-14.871216876006592,4.783593447627982,7.509855457602552,7.635133008958991,-5.888507911246836,6.159990632502735,-3.4319250609128726,84.32098864852175,-7.631856127572813,89.97650348271895,9.359814368632367,9.032023583192812,7.85565363571089,[ 5.27164276 15.0040269  30.17961626 12.95956046],[ -3.94074741 -13.53073035 -15.99246866 -26.02092108],33.787234233253905,32.938528291902216,[0.5595382  0.50566028 0.43035611 0.47419636],[0.42625397 0.49310108 0.44378965 0.51900148],4.819499999999998,-33.73650000000001,[-2.19073751 -3.37370454 -4.00442598 -7.01504103],[ 4.24650598  5.8514982   9.59186711 10.00092134],[ 3.34397489  2.78597345 10.92915822  9.60639195],[ -3.25735002  -5.12700753  -6.37687339 -10.26694755],[-0.60940033 -0.54093174 -0.59155153 -0.43876552],[2.40682114 2.27911485 2.41272965 1.75563892],[2.42102232 2.15332449 1.57376724 2.43566181],[-0.50459317 -0.41121951  0.26764203 -0.64335345],1
mi_D8-8_41d,41,27.949508472114857,-16.011825760211188,4.639421805988065,5.854855825269645,7.738096527725684,-13.40043257011435,5.758494056371124,-5.298235850189496,89.25956098848434,-8.031809557156713,91.98687471352181,3.8196285310192932,9.943759141050595,5.453418983833867,[23.51832682 19.92145199 23.36681941 44.99143567],[-10.21373611 -11.27839874 -19.34373846 -23.21142973],32.37928812511677,30.823016927773725,[0.21152605 0.36226734 0.40927552 0.55390702],[0.25570749 0.26964285 0.52690851 0.54469255],-1.606500000000004,3.212999999999994,[-4.27449675 -3.73132781 -7.04930902 -7.60114158],[7.38537917 4.48468461 5.030196   7.94248822],[9.8910996  5.17767662 8.63016211 9.87321755],[-14.97773573 -12.12819146  -7.3094312  -15.22815007],[-0.68111425 -0.58566459 -0.47388702 -0.65372582],[1.97981442 2.40635854 2.30617277 2.37733419],[2.16078713 2.2871675  1.56319492 2.24616248],[-0.29050582  0.03825577 -0.04043486 -0.67913106],1
mi_D9-3_10d,10,26.855826012107485,-15.049363615157514,6.185895741317418,6.533800242278415,7.508091247500722,-12.434929936274104,6.0624874918214156,-2.94179777264438,79.6929521149144,-1.1381091806941714,87.6433815397811,-1.3305367235116448,10.394720163110325,2.025517493032184,[17.97337526 19.30819481 26.08859654 44.05313743],[-12.18853513 -14.54939448 -17.80890454 -15.65062031],34.68679115124925,30.736299522025814,[0.38866433 0.46002981 0.45650576 0.16609075],[0.29238074 0.46038069 0.5539039  0.29425518],-1.606500000000004,0.0,[-2.77749751 -3.49760379 -4.62836733 -5.76916901],[5.53269961 6.23225758 6.61992514 8.82918442],[ 6.20435201  7.02498704 11.03476965 16.52607367],[-10.75406187  -9.73233515 -10.70685941 -14.33617803],[-0.64034445 -0.34866007 -0.03656027  0.13247673],[2.24643797 2.420097   2.2750225  1.9077804 ],[2.05136703 1.80570591 2.43526456 2.43726929],[-0.10117699 -0.11848175 -0.58720561 -0.65432671],1
mi_D9-3_1d,1,23.67033016004525,-11.783011580711454,6.9324194233975245,23.651643297676113,5.044171783380126,-11.790754730457646,5.031739193368162,-3.4699689008265384,76.53925546620614,73.74706461655616,10.721362742618945,4.425685172844455,15.198452450072702,7.7713520538191885,[ 4.21579019 15.52245873 30.46588328 44.47718843],[ -0.35726523  -9.36018179 -16.55482008 -20.85977922],44.754407220428654,43.55311980293973,[0.47190702 0.64368351 0.47218037 0.20073205],[0.57587536 0.45632    0.48967783 0.35567975],-30.523500000000002,4.819500000000005,[ -2.88972699  -4.46603826  -6.60730189 -29.2183094 ],[ 2.34715999  6.06739833  9.60695248 23.6191733 ],[ 3.87076552  5.76627997  9.06545482 21.50334888],[ -5.43914448 -16.55863724 -21.41947105 -21.21029003],[-0.67168717 -0.65981445  0.2734956   0.21921586],[2.42134746 2.4351336  1.40641758 1.75286399],[1.55938956 2.30868095 2.41539175 2.42976504],[ 0.36268888 -0.67562429 -0.69395468 -0.69728608],1
mi_D9-3_21d,21,25.505659404134267,-12.480522632782996,10.825317547305485,8.462540004829126,6.233112330239729,-10.983671788448545,5.311066203849409,-2.392077282617122,73.14716931047258,-10.808145661326598,104.40394491739961,2.2762138733439223,5.498427596149215,4.7094690923261355,[26.59144605 17.86766965 24.3125708  33.25095111],[ -5.70646286 -10.66309405 -15.63201423 -17.9205194 ],37.998357635151216,32.784908662758504,[0.43712039 0.56488666 0.36593901 0.18487799],[0.43081306 0.47112221 0.42121905 0.32337732],1.6065000000000005,0.0,[-1.53641144 -3.1329878  -3.98163107 -5.64308765],[2.93911288 5.71767743 7.73725983 6.2139554 ],[ 6.9653006   5.07741583  8.9943068  12.07439011],[ -9.54125821  -9.0674167   -6.69705317 -14.93436853],[-0.63389878 -0.54963725 -0.07312512  0.17799858],[2.16192006 1.86609126 2.21359504 1.78421493],[1.82939284 2.32407241 2.43887642 2.41476121],[ 0.19176987 -0.5645081  -0.65871361 -0.69351559],1
mi_D9-3_3d,3,,,19.89246237074731,19.770081918223163,6.150098801171437,-10.14659276508472,5.025652003958025,-2.931573379163733,80.72053363378014,4.187038084204237,84.18111356381375,1.6060559962037646,,,[14.67838036 26.32291937 31.62055753         nan],[-10.07383789 -13.03313077 -20.17613863          nan],36.36381818266453,30.888839994935765,[0.50547916 0.45529014 0.29428937        nan],[0.41281628 0.43243091 0.4471243         nan],4.819499999999994,0.0,[-1.99702281 -2.70557077 -6.05561812         nan],[2.62349946 6.00679654 6.35694601        nan],[ 5.63100539  7.23818494 11.9380948          nan],[ -8.56193841 -10.78681028  -9.20960945          nan],[-0.65848973  0.09528663  0.18151583         nan],[2.35319428 1.76789659 1.61658645        nan],[1.69765806 2.28763637 2.4207145         nan],[ 0.17485417 -0.62787165 -0.65951311         nan],1
mi_D9-3_42d,42,22.500151526978506,-11.634430719624985,9.622504486493762,6.8041381743977185,4.944275404909043,-9.535576078189814,4.48663889263911,-2.554968828292317,75.1775853460778,-6.433531351137339,94.06601105679987,10.49209683119587,2.4260071150377964,5.331294435517485,[26.55271493 20.67453188 22.19483979 20.57851951],[ -5.86364817  -8.34010591 -12.39549871 -19.93847009],42.63722130036473,31.35735191548126,[0.46721258 0.50291386 0.45975632 0.23403925],[0.37134683 0.363365   0.39624183 0.39671596],3.213000000000001,3.212999999999994,[-2.17345267 -2.66673078 -4.47527549 -4.90240779],[3.83249212 5.5743608  4.6932015  3.86069684],[5.86957206 4.72093499 6.72810019 8.44273444],[-10.94757657  -9.6525459   -6.87088272  -7.84718978],[-0.69426402 -0.66835974 -0.54383951  0.21824776],[2.42372825 2.29614873 1.37503948 1.41622158],[1.42371718 2.4029995  2.27777625 2.42427797],[ 0.27694777 -0.65567983 -0.68939201 -0.68510444],1
sham_D11-1_10d,10,31.423285444677454,-18.518145234941407,7.215375318230077,1.020408163265306,11.213384441805319,-14.172356949509659,9.043906501950568,-4.732838641839161,84.0449183616137,0.9934762194672929,92.83798576583612,1.0300964397351102,6.104953451087724,4.538586251460908,[29.09770862 23.72783359 32.29598443 40.57161514],[-25.10713816 -18.01339712 -12.29667975 -18.65536591],26.00435430160655,25.69737117328428,[0.31422815 0.45371546 0.48183086 0.40065043],[0.22156741 0.32965092 0.40324759 0.4004937 ],-1.6164999999999985,0.0,[-5.323553   -5.73433505 -5.72066336 -4.56957668],[10.70677155  6.95321743  7.93977247  9.40599885],[ 8.4570557   8.276166    9.97303714 11.51855766],[-13.25269058 -11.29997329 -10.56842323 -13.4854061 ],[-0.35777737 -0.697878   -0.27143643 -0.22715652],[2.09462849 2.4256744  1.72576653 1.90978861],[1.74146033 1.72346862 2.43396957 1.93981019],[-0.11248451 -0.55217956 -0.31046255 -0.56055664],0
sham_D11-1_1d,1,36.667810422819564,-17.229125288597583,6.000000000000002,4.55521678957215,10.838324566776883,-12.720365824526244,8.191318071784684,-4.092533288343716,87.60787326955044,-4.077744392200024,92.88494134342987,9.337194312398072,8.96931842369689,3.31760441205224,[25.47205144 38.29093715 32.85187429 50.05637882],[-18.81087074 -17.64718584 -20.66485589 -11.79358869],28.414065627368963,27.50770092479945,[0.37695552 0.34296462 0.35632526 0.51290449],[0.27174122 0.37959677 0.4033902  0.46024093],4.849499999999999,3.233000000000004,[-4.11453096 -4.49834434 -6.76371613 -2.96146769],[8.15342749 7.63411081 8.37857131 7.04780189],[ 7.47671842  8.66204591 10.32260112 16.03799937],[-11.15537938 -10.43789031  -8.19380735 -12.96771311],[-0.6108819  -0.63874014 -0.57987795 -0.40483939],[2.12973231 2.35774576 1.96052401 2.36255064],[2.28706583 1.70998113 1.71065869 2.37589517],[-0.55443678 -0.00224917 -0.14656883 -0.51991225],0
sham_D11-1_21d,21,36.04651246766362,-22.93809522211071,1.3094570021973115,5.555555555555557,9.521021264531772,-14.295974547648502,9.777051333004948,-4.949749587492239,92.53668210666139,3.064045758082628,86.04956668887556,-2.3554399215710293,9.058213344701034,4.49936391010474,[22.07651169 45.00287599 34.06672505 43.03993714],[-20.86584281 -29.35780261 -24.37130874 -17.15742672],28.374157603900592,27.10084626124431,[0.42522689 0.31162053 0.37924103 0.42664134],[0.3083861  0.32828799 0.4485123  0.51372029],6.466000000000001,3.233000000000004,[-4.10565092 -6.14386147 -7.67685835 -4.37855736],[10.23959716 11.23938893  6.32138904  6.52345254],[ 4.97007928 12.60958196 12.70360676 12.71022634],[-10.76619548 -12.34927141  -9.23507021 -14.33504077],[-0.67631625 -0.48307616 -0.15101808 -0.47984117],[2.40020793 2.10757066 1.56293515 1.79330482],[2.43936079 2.3123956  2.26429331 2.00473091],[-0.6339054  -0.61383113 -0.61543537 -0.36428435],0
sham_D11-1_3d,3,23.042018501317713,-20.858415567250244,7.276277542537327,4.364287356743528,10.599035229539222,-10.99863821393037,9.574679417578329,-4.587092397009984,80.5480570265971,-2.539493466223955,92.30567791417647,6.1987299150100315,7.228169410967141,2.81630435572441,[35.11325738 17.1148505  17.81768197 22.12228416],[-17.86135449 -23.73797427 -23.60465108 -18.22968243],28.262865413749882,28.351980207398537,[0.28690674 0.48191285 0.45327908 0.44154984],[0.2374231  0.34417061 0.48418684 0.52143842],0.0,3.23299999999999,[-4.63050194 -5.8924853  -4.96585649 -4.7031781 ],[8.42956183 9.84075488 8.40006402 9.73042688],[ 7.23294944  6.87219504 11.91516183 13.56220522],[-16.58605636  -7.55678238  -6.39418604  -4.67861983],[-0.45490234 -0.64471781 -0.46659189 -0.23711958],[2.32261711 2.38280185 2.38047517 1.82908835],[1.75367919 1.60697992 2.30852882 2.33377379],[-0.62062718 -0.0384191  -0.01104534 -0.53830002],0
sham_D11-1_40d,40,33.38154679878371,-20.324838170212423,0.90210979560879,4.29490169335173,10.873421696820426,-14.27292491341906,8.87482237254531,-6.768545961946842,87.68499667365538,-2.5716797840061916,92.29375039894948,2.472770009223314,4.30746634782826,3.0447593044135695,[34.09292209 26.65076756 34.12287827 38.65961927],[-21.18797129 -23.93123898 -15.50717123 -20.67297118],25.17621021614295,27.899274718404982,[0.31043937 0.32851117 0.41003033 0.47163635],[0.24985898 0.35631288 0.44576518 0.52581648],16.165000000000003,0.0,[-5.84175769 -7.27934919 -5.92518401 -6.13521692],[8.36520089 8.31402078 5.69742479 7.93345978],[ 8.08990648  8.41540691 10.66905497 14.13545718],[-15.51637763  -9.08254471  -9.67752279  -8.72138048],[-0.30630488 -0.13325453 -0.55431596 -0.69341392],[1.56989096 2.29270075 2.41324496 2.13018843],[2.31873248 1.92010768 1.72448548 2.29817604],[-0.43644478 -0.45260225 -0.68491152 -0.46090409],0
sham_D2-1_10d,10,32.21522405009866,-16.851573129171946,5.099019513592785,5.172040216394299,9.456613337122324,-10.430330542481224,8.550402039051274,-3.9476910736541577,96.39166329176311,7.552435095082254,88.38409684298405,-5.247365865582587,2.404203376511261,2.5556122886498915,[34.45039798 30.05044302 34.77193988 29.58811532],[-13.8961438  -15.88640012 -16.7174849  -20.90626369],30.459452006250004,30.893728030853723,[0.33132582 0.50146644 0.54914614 0.47922982],[0.47196038 0.40881396 0.3257143  0.49033645],1.606499999999997,1.6065000000000111,[-3.78905498 -4.6048618  -3.15602041 -4.30837271],[ 3.86904068  8.64939212  9.81755291 12.04440446],[ 9.54735056  9.11792461  8.4340862  10.52339707],[ -7.81834947  -8.66351244 -11.6899733   -9.63358552],[-0.41485747  0.0247204  -0.25579481 -0.57998838],[2.380301   1.66023287 2.43407105 2.43677389],[2.40006978 2.32999802 2.23015166 2.26023151],[-0.65230728 -0.62535357 -0.37821063  0.01043001],0
sham_D2-1_1d,1,21.944607505064397,-18.49685010061411,4.123930494211613,1.974181422830595,8.99656823751735,-11.812965431735746,10.150562453080015,-4.637820887252588,92.55502660422468,4.049140015999073,85.71771196015708,-1.2068988644155467,5.466073176870417,2.6898813051843407,[27.18517416 14.32995205 27.08431927 19.17898454],[-17.69834751 -20.35276629 -14.4824043  -21.4538823 ],31.62569708192684,27.41691233032394,[0.38378421 0.49705363 0.48953621 0.54314631],[0.2921142  0.33214324 0.40563345 0.41710057],17.671499999999998,3.213000000000008,[-3.61302764 -4.99601699 -4.95237151 -5.31579805],[ 8.18746646  9.48591012  7.438192   10.66337922],[ 7.3198939   5.63835963  9.33599783 10.17030429],[ -9.43492194  -7.79683284  -9.06690236 -11.13034447],[-0.48539925 -0.21947556 -0.54995667 -0.59007506],[1.94911364 1.69679625 2.15067438 2.43434169],[2.28065959 1.92250884 1.72221881 1.67336644],[-0.48758356 -0.43797665 -0.46956843 -0.00128813],0
sham_D2-1_22d,22,28.487920045758532,-13.49643387190247,6.0540263104731595,1.5354744399793516,8.689265189965619,-12.119698304615381,6.603533838937786,-3.721832563616197,82.59488095434466,1.0220711155745084,92.2365625420738,0.008866143090038296,4.172432785880542,2.1513094912978405,[35.65584887 25.25521368 26.69947265 26.34114498],[-13.55660675 -13.16727206 -10.60071512 -16.66114156],28.867810539389392,25.864248081529887,[0.33518125 0.39536678 0.44510612 0.5619839 ],[0.3047985  0.37533712 0.43424737 0.46878531],-6.426000000000002,3.212999999999994,[-3.49934789 -4.68787066 -4.25893098 -3.9648875 ],[4.11571236 6.92329947 5.2475485  6.94125184],[7.10525514 6.558932   8.90201693 9.30322158],[-10.78878597  -9.69475245  -6.58017816 -11.91456678],[-0.59094046 -0.3575529  -0.33762312 -0.59348868],[2.43455598 2.25414851 2.38660887 2.4153535 ],[2.27529637 2.0870141  1.90584997 2.44280062],[-0.32964836 -0.59311296 -0.59910485 -0.68613224],0
sham_D2-1_3d,3,24.14225305107628,-18.459379115566342,2.9999999999999996,4.9749371855331,7.2285051212308895,-9.856256073760715,8.719821403768664,-5.7485980477463565,92.92989875856648,7.640197939841179,86.61518680308329,-5.153153619405616,2.7356851178117916,1.8268333874609919,[20.45189586 26.04192092 27.39398626 22.68120917],[-17.79460132 -17.25894257 -17.18667551 -21.59729706],28.722422146572736,27.824452481398236,[0.29352044 0.38856926 0.40607578 0.53725678],[0.30484921 0.33498706 0.41554143 0.45889137],-1.606500000000004,1.6065000000000111,[-4.14269949 -7.94581333 -4.04445441 -6.34665629],[ 6.75516025  5.62388954 10.37682243  7.5395706 ],[7.21457974 6.32196182 6.80659005 8.4661028 ],[ -7.89581955  -8.5319671   -8.63455535 -10.16597737],[-0.65877407 -0.67706264 -0.11282402 -0.64697029],[2.42008715 2.40811977 1.63673835 2.40166412],[2.31814393 2.24805743 2.4303831  2.3375337 ],[-0.66822449 -0.46432799 -0.64146036 -0.56692616],0
sham_D2-1_40d,40,27.431357868504296,-17.862751370447597,8.035714285714285,11.390491805511672,11.110044378532033,-9.728895106441588,6.3401606805550355,-4.390513008524376,86.45695748888343,-10.043835831740479,103.00311059620917,7.140633460205205,1.8252808893045493,5.0814624327624855,[27.41749823 27.51603501 29.97633004 24.81556819],[-11.24146536 -16.45629703 -25.42931011 -18.32393299],31.941313517429226,34.94418512288719,[0.42792711 0.35229142 0.38439785 0.57088293],[0.46168948 0.40758004 0.49467194 0.66480603],-1.606500000000004,1.606499999999997,[ -3.21008855  -6.45202486 -11.75319702  -5.93714506],[ 3.76254285  5.71575125 12.89000113  8.25286218],[ 6.72941167  8.35565849 11.02726329 16.03707904],[ -7.77773596 -10.65036888  -9.12253817 -11.0312599 ],[-0.55758612 -0.64632786 -0.60987644 -0.67501687],[2.31596952 2.34077578 2.42505524 2.40033839],[2.38218037 1.87874033 2.42968434 2.32809898],[-0.66988945 -0.32561703 -0.21997745 -0.55121863],0
sham_D3-2_10d,10,32.37011363019248,-14.189672742817642,4.690415759823431,7.348469228349534,9.949381792828417,-16.123545516151363,7.08657301427321,-4.304888987623613,84.42791674825688,-4.801537855651913,94.26477157523456,5.798843862232542,4.913764449950854,3.039518406719621,[35.82818596 28.91008519 38.39812501 26.34405836],[-16.36071498 -17.73334002 -10.03718595 -12.62745001],29.548357919082854,27.129133703108245,[0.27470006 0.40990017 0.50436266 0.57510302],[0.25649423 0.32812564 0.45895272 0.52304938],-3.213000000000001,1.6065000000000111,[-3.7041853  -5.61826246 -7.52549274 -5.87951836],[6.93753442 8.59228322 9.76334064 6.47102172],[ 8.60902268  6.96941467 13.13533521 10.38695865],[-15.63441515 -11.06648435 -16.51993081 -13.51673471],[-0.56996453 -0.64505952 -0.3668482   0.10656171],[2.17486869 2.2202487  1.50730504 1.53943983],[1.65166925 2.23786501 2.26847995 2.43192999],[-0.0867184  -0.45349607 -0.61681496 -0.67485167],0
sham_D3-2_1d,1,21.63781570020712,-21.541593761123565,6.4843227072857985,4.000596743681569,9.250329970279356,-8.49271644913783,10.31616734143666,-4.848364605560562,94.5948197847927,2.832091979526927,87.56409032532572,-3.9969866496138824,4.812766303077188,2.0663278035673103,[25.62336678 18.93887038 15.13557616 26.85344948],[-19.18640784 -24.77851841 -21.67758176 -20.52386703],30.06148727421361,27.090112870532664,[0.34697403 0.48851075 0.50854464 0.57837115],[0.28444759 0.43643357 0.46486568 0.42889547],-1.606500000000004,0.0,[-3.30264745 -6.18396795 -4.7391588  -5.04885654],[ 8.15134922 11.47676692  7.93960108 12.43235972],[ 7.7891987   5.1829197   6.03336199 12.09452206],[-9.89113227 -9.07722724 -7.6897373  -8.68513296],[-0.65061313 -0.02189709 -0.3389493  -0.59327098],[2.18602344 1.7973848  2.24764699 2.26867896],[2.42157756 2.31416681 2.40432967 1.95265512],[-0.64944616 -0.69278027 -0.52097119 -0.6519276 ],0
sham_D3-2_21d,21,27.969871561590864,-21.060304873746144,1.1111111111111112,3.5136418446315307,9.398895900439824,-8.76462811905665,8.523757940714615,-4.948268329372386,85.67400896926804,-1.034625966143437,93.05860521361446,2.804983749255753,4.434924782412967,2.1415413402362757,[23.93259629 23.56617794 34.10831642 30.2723956 ],[-19.86901067 -21.20492469 -24.44344423 -18.7238399 ],26.358465976199565,26.16110468073077,[0.34471092 0.32425143 0.37313067 0.3962    ],[0.35320077 0.32823832 0.42705966 0.41113417],-6.426000000000002,1.606499999999997,[-4.75455858 -6.37744938 -6.88053402 -2.85800003],[5.52505163 7.84431852 8.25411118 9.02072292],[ 5.95641514  6.89917571 12.27127915 11.53793725],[-8.14907583 -7.35085488 -8.94151453 -9.11526916],[-0.68683977 -0.69472468 -0.15619933 -0.45788354],[2.43770328 1.80333143 1.79323981 1.7349035 ],[2.29894825 2.0403135  1.84378248 1.99129285],[ 0.00046579 -0.36273467 -0.15053396 -0.21189189],0
sham_D3-2_3d,3,24.467181079241787,-17.171543914215604,5.961209969926876,4.968433340713259,7.553769744726146,-10.07350986249615,7.104805029985074,-3.8105188681791398,91.59692897121859,6.9272220378535465,85.88147247713154,-7.70265464475311,2.2286159609660885,4.1396565360708975,[27.75994731 21.74162847 25.03065877 23.33648978],[-14.04559785 -12.71012698 -23.21102221 -18.71942862],32.188586291244484,30.98150401196811,[0.35046424 0.5227672  0.56781894 0.56713088],[0.37033834 0.44801766 0.39266718 0.52195499],-1.6065000000000005,4.819500000000005,[-4.16247625 -3.90120428 -6.55122947 -4.5902666 ],[ 5.25135134  5.47210882 11.34458205  6.8142469 ],[7.92592605 5.63812192 6.58636455 8.71420365],[ -9.07100306 -12.0804237   -9.00634247 -13.32206363],[ 0.09912805 -0.01281978 -0.67448991 -0.64773889],[2.40898296 1.61315212 2.37282108 2.23158201],[2.38352326 2.39016917 2.34374617 2.17333269],[-0.44695125 -0.66950648 -0.48753903 -0.16663577],0
sham_D3-2_42d,42,25.59418533689091,-22.69724577428059,2.5471335405424664,5.6319241632725765,8.407565712772774,-8.743758808837454,8.656863624433992,-5.802124748035796,84.10538222174551,-3.4910660378895315,93.88203706837555,5.557806392526126,11.708337694248687,2.433606429680689,[22.71560696 13.89835763 20.69419366 45.06858311],[-22.00706646 -26.0727946  -19.32805183 -23.38107021],25.742802760574698,25.805505489862107,[0.36365843 0.37607446 0.34414919 0.38618562],[0.34494165 0.33684949 0.32359976 0.38665184],8.032499999999995,4.819500000000005,[-6.1058027  -6.99999153 -5.10350701 -4.87426972],[ 5.05527061  8.0661844   8.96818325 10.8477627 ],[ 7.62077861  8.74959561  9.46275899 10.80783347],[ -7.2932961   -6.623831    -7.13927173 -12.43511128],[-0.35589846 -0.4721398  -0.3358045  -0.38118113],[1.41755048 1.77667087 1.94818602 1.6698637 ],[2.13022115 2.34248358 1.49981383 1.85232261],[-0.11492451 -0.63073468  0.02906583  0.00099292],0
sham_D4-4_10d,10,27.187441773715804,-15.768270163269305,8.645808232895291,6.40312423743285,8.120794205678468,-11.2722520782674,6.964636119330368,-4.069652363560653,81.62657298460972,-6.105358353948072,93.20740291663014,4.859009305847115,2.9119465621751988,2.659364165740617,[30.36696955 24.47194687 29.81258813 24.09826254],[-15.11283107 -14.98061126 -12.87059285 -20.10904547],28.51654622976928,27.929036891783177,[0.3610351  0.40698239 0.40640106 0.514634  ],[0.30755565 0.49564774 0.47496295 0.47065465],-4.8195000000000014,1.6065000000000111,[-3.32923878 -5.61353664 -4.95329381 -4.93713124],[5.86511634 8.29372635 7.79497479 8.86180798],[ 7.18687773  6.59611944 10.61416988  9.87444904],[-11.61437151 -11.67638065  -8.37480807  -8.90728489],[-0.45564352 -0.63876309 -0.38678485 -0.08702525],[2.39524769 2.2546472  1.84827089 2.16461362],[1.85618374 2.10621535 2.25878575 2.25834055],[ 0.0821266  -0.25597404 -0.68684358 -0.64511379],0
sham_D4-4_1d,1,26.994352976657975,-16.20622197114217,6.810779599282301,0.9021097956087885,9.331397250718336,-12.195736426078806,8.959517852527101,-3.962403469166236,84.2120393850992,-7.043248097850866,95.48900633468142,5.327260568728963,3.054325652979251,2.377060282806278,[26.40470574 22.24300941 29.91938699 29.41030977],[-17.61722518 -17.47299932 -12.09057521 -17.64408817],26.260123460524113,22.23502268431507,[0.33751374 0.3925789  0.37056633 0.41053372],[0.25413881 0.35250598 0.29328161 0.29030365],8.032499999999995,3.212999999999994,[-4.02399997 -3.91381759 -4.44518879 -4.30272562],[7.10109888 7.60198931 7.63462193 9.68449075],[ 6.72543638  7.37864385 10.63426697  9.53512138],[-10.23288173  -8.10631532  -9.5766871  -12.04501686],[-0.27213219 -0.63567054 -0.63793299 -0.28174969],[1.8461362  2.29704977 2.19364955 2.12997942],[1.88928639 1.48506445 1.95040515 2.11969192],[-0.1077362   0.05898424  0.04945576 -0.54043139],0
sham_D4-4_21d,21,28.758436040082536,-16.989153431337662,6.9324194233975245,4.465898813306031,8.871180366111528,-13.522002727164338,7.807419088656763,-4.485084096438319,83.41780862618846,-5.987854788596565,94.9857706472873,1.5703669282166222,3.6732933498893456,1.977911733278007,[25.37803139 24.8898992  31.57480809 33.19100547],[-16.17998064 -19.75232209 -14.36145448 -17.66285652],27.046090306819995,25.92428384773168,[0.38366993 0.43025087 0.40834795 0.50973096],[0.28618416 0.38114067 0.47090764 0.4205429 ],-1.606500000000004,3.213000000000008,[-4.30022784 -5.27352389 -2.74869544 -4.28422808],[6.57148545 5.54240944 7.27800792 8.07107342],[6.12144298 6.22604962 9.24169329 9.49722047],[-13.6480695   -9.12178852 -10.21981015 -12.73690192],[-0.46999166 -0.64320203 -0.31618175 -0.08468807],[2.36705641 2.39577724 2.30544353 2.43557583],[2.33450772 1.63987127 2.29626821 2.25531788],[-0.05007048  0.01375469 -0.55598105 -0.67943767],0
sham_D4-4_3d,3,18.614405667486587,-19.114015585810364,7.811575389073039,2.4981502032243412,7.945831735460211,-8.860919371357985,8.251242706840369,-4.718638048047432,80.05042783247681,-8.075629040273341,99.58047817603818,8.432723013450866,9.781814259516219,3.91264173387639,[26.91260674  4.54333455 14.45749763 28.54418375],[-15.9927692  -15.68822226 -25.41449414 -19.36057675],30.137685147218363,31.42851711198848,[0.40917205 0.45023871 0.47360781 0.56289931],[0.34618865 0.53739317 0.52630163 0.55896239],-4.819499999999998,4.819500000000005,[-3.07535121 -4.08404222 -6.87852074 -5.78288255],[ 6.70261267  6.2466552  10.85629936  7.31425434],[6.62141216 7.09800601 6.78962021 8.19533184],[-10.03215674  -5.02380539  -4.785015   -10.93898092],[-0.36295139 -0.67083051 -0.46643716 -0.4230904 ],[2.04740948 2.38841414 2.27405087 2.11693367],[1.95439313 1.55296142 2.42668218 2.33935591],[-0.3137073  -0.46539429 -0.23611298 -0.69643066],0
sham_D4-4_41d,41,32.54760247595394,-23.22658270657536,19.743820317411654,0.8170050979098479,10.118027760748875,-11.225188362614267,9.289984323569833,-6.843416414473172,82.20886407322956,-2.660413201328556,91.3809418616778,3.574513059829887,7.724892270653674,3.592833118000935,[33.07893153 19.81811293 39.64068173 37.65268371],[-19.7820609  -28.99362015 -20.68450838 -23.44614139],25.454755384043388,28.158680313645572,[0.34061971 0.41083897 0.40760409 0.39530784],[0.36160328 0.44115304 0.45514503 0.39856329],-1.606500000000004,1.6065000000000111,[-6.80706653 -8.23118443 -6.5249172  -5.44921709],[6.8095341  8.91570856 9.59198459 8.52596777],[ 8.55989721  7.69785788 12.5248981  11.46077994],[-12.83795387 -16.8661336  -11.78678191 -10.50226955],[-0.57249559 -0.33476758 -0.25500742 -0.01695964],[2.36578288 2.17333683 1.93154499 1.87996325],[2.27024974 2.38359157 1.90781181 2.42027826],[-0.36707018 -0.3956119  -0.65124697 -0.59986087],0
sham_D7-1_10d,10,35.36674122148313,-10.613760181100963,10.910390113375207,3.9352657557079107,8.209467297707493,-9.546588564798444,5.347637055504326,-3.43049164068665,85.98704423017766,-1.4348056761455117,94.15029144747571,1.6250456543341218,10.749972455956673,4.460276694843788,[25.50114564 29.67877417 32.85741467 53.42963041],[-18.11436986  -8.77606534  -9.17974736  -6.38485817],30.34893828068822,32.60231015633348,[0.34039114 0.58083885 0.51545417 0.17695106],[0.45551083 0.43614974 0.38846812 0.21739524],-1.606500000000004,14.4585,[ -4.43988507  -4.49183407  -3.21324762 -11.91197758],[ 4.33360182  6.07924017  6.0689655  10.80429386],[ 7.0228392   8.60147149  8.38605181 19.16473395],[ -4.3832304   -9.42654208 -19.59287578 -20.27412131],[-0.65664373 -0.26255737  0.19557677  0.21949446],[2.32133325 1.86734618 1.66347555 1.46262147],[1.92863285 2.40458441 2.11863077 2.43971425],[ 0.18319006 -0.62363939 -0.64731154 -0.67593021],0
sham_D7-1_1d,1,27.82391977397777,-18.983933588672425,1.5044825131628674,4.606518105236378,9.32094831239229,-10.670005278698673,12.092924638632782,-3.9159929018053345,86.94128274197232,-1.7421327386367222,93.42472774683114,0.3505929357544505,3.7159813748160233,1.5304300461368638,[25.28020562 23.67521283 33.30993981 29.03032083],[-20.1142352  -17.6045532  -17.35382595 -20.86312001],25.63835119454335,22.368689940380275,[0.34073598 0.37894626 0.30480962 0.48146419],[0.23700266 0.40387783 0.31867836 0.34852959],-3.213000000000001,0.0,[-3.55767888 -3.51292924 -3.48875008 -5.10515882],[10.12267627  9.76212471  9.47261148 11.60516023],[ 6.40685074  9.09493625 11.55388397 11.01198737],[-11.14345449  -5.88263429 -10.62903586 -12.11362307],[-0.52194129 -0.3381113  -0.61846929 -0.19838935],[1.49095618 2.43365747 1.92423418 2.28668154],[1.91703813 1.75483828 2.09504222 2.23982431],[ 0.01416298 -0.293682   -0.12286572 -0.6509402 ],0
sham_D7-1_21d,21,40.72744438196081,-19.99566890655012,7.0970878318314305,2.7777777777777786,9.496157258220023,-13.052550852052082,7.15388252215585,-5.629285531534585,82.02135699771594,0.2125407793044302,90.14552895833094,3.338384416573142,13.537386776092157,2.4843106931742027,[27.47146435 29.13108047 45.60288126 60.70435144],[-20.56395558 -16.83621272 -18.94338169 -23.63912564],27.254556398388473,25.91388122522979,[0.38081066 0.3154345  0.4468513  0.30010775],[0.36580811 0.3087379  0.34145271 0.23533774],17.671499999999998,1.606499999999997,[ -4.15888925  -5.20410887 -10.59207922 -15.09438776],[ 4.66186467  9.95733839 10.28018087 17.94320604],[ 7.12249737 13.3543352  17.89953252 24.28057857],[-10.88718532 -13.6167614  -14.11167647 -16.80245856],[-0.69175251  0.06655157  0.18551204  0.18351771],[1.94507607 1.50467849 1.73705708 1.49994158],[1.66894903 2.39277698 2.4225993  2.43085837],[ 0.17239907 -0.60372115 -0.68040243 -0.68662672],0
sham_D7-1_3d,3,30.968117072899467,-20.14868539508634,6.102891959798399,5.716619504750294,8.994279772941546,-10.724042977155852,8.811780105760159,-4.026449741201513,81.74819005222474,-1.2004332941819476,90.2614196031913,-0.1814031711331754,3.9275841932236633,4.7572202420587,[35.14828135 24.88539591 30.27310593 33.56568511],[-17.13845413 -14.6112001  -21.75162504 -27.09346232],25.083529485741746,24.442429460187874,[0.32968392 0.5058809  0.43567332 0.12689549],[0.35877794 0.28052172 0.33803481 0.25314163],11.245499999999996,3.212999999999994,[ -3.18935172  -4.08047955  -4.45978856 -12.26060169],[ 6.03066711  8.30417584 11.55043103  9.90706217],[ 7.60947258  9.05437623  9.24216864 13.3735971 ],[ -9.05427403 -10.4919491   -9.44217227 -18.03188213],[-0.44628872 -0.03862041  0.27764757  0.15727457],[2.22811825 1.56234116 1.58466224 1.48647815],[1.61537399 2.34363319 2.44112465 2.42260698],[ 0.15071511 -0.65048006 -0.68112313 -0.60244035],0
sham_D7-1_40d,40,28.138198796456088,-18.24693891730774,5.189543669385629,5.019966290464738,9.958776453502328,-15.351213181460425,7.145778142482013,-4.43201065344773,80.25335403988059,-2.0639247680656934,93.7519190398472,4.3628329464986,7.584348033128586,1.9405576890214267,[26.08026318 17.46545869 30.57213693 38.43493639],[-18.70128793 -21.07822724 -17.45345047 -15.75479003],27.29627896683849,26.68250758089433,[0.34506567 0.4149608  0.42777558 0.50971839],[0.31841073 0.4398419  0.41945419 0.48047239],0.0,3.213000000000008,[-3.89450863 -4.44422778 -5.70545264 -4.44756233],[6.56913871 9.41825792 7.6727266  8.43496446],[ 7.22826652  9.63779177 10.99955798 17.17907257],[ -8.25098633  -8.67132166 -12.43057431 -24.25899808],[-0.68330493 -0.68362016 -0.5120313  -0.38041483],[2.41464323 2.33062381 2.23319467 2.08194078],[2.28871957 2.07752513 2.38600901 2.38487225],[-0.44698359 -0.44146498 -0.56229569 -0.58102233],0
sham_D9-1_10d,10,23.05882155889943,-18.997815107677138,1.607060866333063,2.476647127011747,7.624530463092668,-12.618844084801166,9.26891048416587,-5.012043026572182,98.66530278012652,3.3000457472313536,81.98997146012859,0.29996602672105444,4.584179888206827,2.680834161011849,[15.78910687 22.47174114 27.00711063 26.96732759],[-16.94604446 -20.57514165 -15.92314821 -22.54692611],28.5004699495867,23.567128272701257,[0.33244843 0.46703706 0.32145671 0.43766568],[0.32397782 0.28721406 0.24569889 0.35466648],-1.6065000000000005,0.0,[-4.71086487 -3.5339493  -3.6835542  -5.32013452],[ 5.22118163 10.00043258  7.88665872  9.69197789],[ 7.54124675  9.32725754 11.03015146  8.60295677],[ -8.50789437 -13.18837464 -10.37735706 -10.76993357],[-0.05373985 -0.07693532 -0.60621463 -0.24178382],[2.4429276  2.33118984 2.07375862 2.19976036],[2.41002717 2.02266396 2.33862252 2.42077002],[-0.68418591 -0.3554286  -0.54443033 -0.57981916],0
sham_D9-1_1d,1,22.59563906224342,-14.747222656501906,7.622766949324819,1.974181422830593,6.506833745478025,-9.042691259148091,7.16396409701401,-3.8212291203621986,97.22082054418814,6.364479126486633,83.89774096218936,-1.9503854107173555,5.57130991168447,1.644715585835172,[22.15769162 13.80256547 25.7895025  28.63279665],[-13.03255526 -16.6518565  -13.19714503 -16.10733384],29.230464763543047,27.006784220399936,[0.35820851 0.44055971 0.49589001 0.56906376],[0.35128701 0.42088315 0.43982251 0.34995972],1.606499999999997,1.606499999999997,[-3.01672383 -5.11574035 -3.35071141 -4.18767927],[5.04807881 8.7110499  6.50185831 6.72040636],[7.59352418 7.09302646 6.4365626  8.40581951],[ -7.32413491  -8.43984272 -11.85523746 -12.96614783],[-0.54657525 -0.37695967 -0.63800188 -0.67999065],[2.40291585 2.3155377  2.20279601 2.40211683],[2.24352011 1.77662879 2.2741239  2.35733231],[-0.40145308 -0.5758727  -0.44970975 -0.60497336],0
sham_D9-1_21d,21,27.133945916235238,-16.420002977995928,0.0,4.000596743681568,8.330424173432542,-12.469032061977213,8.290472051826193,-4.877924197797269,82.42516844680576,-5.499306935366539,91.73884669224198,4.0650536285065115,5.7570044147609325,4.010153350990416,[22.60370083 20.37411552 33.92376961 31.6341977 ],[-17.47186544 -13.6192882  -12.10570773 -22.48315053],26.732200350682103,23.831044417829933,[0.35021223 0.45681844 0.35041354 0.4275115 ],[0.31230093 0.36165988 0.36975856 0.35498808],6.425999999999995,1.6065000000000111,[-4.99198729 -3.86789161 -4.06384199 -4.50672319],[ 4.42069891  6.41735135  5.21920834 11.47478105],[ 5.47403914  5.83097047 11.35940833 10.59984972],[-11.65908567  -7.846867   -12.4736451   -9.9804383 ],[-0.47824771 -0.15464857 -0.50920103 -0.61637602],[2.25092014 2.1997196  2.39430425 1.7375137 ],[2.05392312 1.68428517 2.19215736 2.27780525],[-0.56472124 -0.3748863  -0.01493346 -0.28727968],0
sham_D9-1_3d,3,26.332818954287916,-19.030897682896104,3.4153325647406265,1.0416666666666645,8.678467395837837,-10.190986607717198,8.99222658313666,-4.843743006883672,77.81107169123678,-1.9848151756295334,94.3657124192104,6.042809178938675,5.809027671588567,2.3067830481241267,[20.67003352 22.54974128 26.36596217 35.74553885],[-20.51131696 -21.10807152 -15.19656405 -19.30763819],26.699311967157506,27.88392000839233,[0.36348016 0.3700835  0.40036182 0.47452517],[0.36321769 0.47421793 0.43392872 0.43125821],8.032499999999995,1.606499999999997,[-3.67985894 -6.52058374 -5.34500646 -4.23351285],[6.75214579 8.3965835  8.59935794 7.78056373],[ 6.25757957  9.92950313  7.71694039 10.50238472],[ -8.51798189  -8.21415253 -10.60989387  -9.26400876],[-0.30229505 -0.45711315 -0.3753646  -0.63708882],[1.76833249 2.16146919 2.28233744 2.440727  ],[1.86068278 1.57519315 1.81817032 2.33922225],[-0.21059903 -0.04895011 -0.61018012 -0.23853828],0
sham_D9-1_42d,42,26.492966763937254,-16.80958511575415,6.277572781796913,0.8490445135141538,8.324180865080073,-11.14657608473168,6.482836195619594,-4.558516048852204,79.79682519700675,-3.269099638863229,94.47423699886684,3.09251251406815,1.1909697348941524,3.53210868278385,[28.5023361  25.39574873 26.12681631 25.94696592],[-13.16565339 -18.0786298  -13.98489642 -22.00916086],27.34795681154176,26.402743113461344,[0.35882425 0.44180211 0.32735984 0.44497202],[0.33362197 0.42358731 0.44321459 0.38364925],9.638999999999996,1.606499999999997,[-3.85347921 -4.13273079 -5.45175997 -4.45725346],[5.20395144 4.83303321 4.71419094 9.22410162],[ 7.94549713 10.64450604  6.73539438  7.77468385],[ -9.84485837  -8.07295322  -6.96802202 -10.68973144],[-0.63787088 -0.17426994 -0.47072175 -0.10891114],[2.25016417 2.10903479 2.28809731 2.01547335],[2.4356994  1.71479235 2.37329522 1.97594632],[-0.6220731  -0.48230806 -0.38701777 -0.47440526],0
