Name,Day,GRS,GCS,Rad SDI,Circ SDI,GRSRs,GRSRd,GCSRd,GCSRs,TSd,TSs,TCs,TCd,r_std,c_std,r_reg,c_reg,angle std s,angle std e,Condition
mi_D11-3_40d,40,,,26.205230913291622,26.205230913291622,,,,,,,,,,,[10.8927053  27.64213021         nan         nan],[ -3.98168734 -14.67428501          nan          nan],19.401653991497074,19.85720085227195,1
mi_D11-7_40d,40,16.52320018276488,-20.44687136815481,11.346805717910218,0.8660254037844403,3.177631107171508,-6.473177425415466,6.994850648335882,-4.478955417981439,76.93405679432195,15.423565970709497,71.30775432678601,11.347966815021639,1.5540537429165684,2.607794021915019,[18.49798733 16.34012902 14.19173958 17.06294481],[-19.47783775 -23.4930708  -22.13103455 -16.68554237],16.928710100154138,15.390841444798465,1
mi_D12-8_45d,45,,,18.212208581611357,20.048711021147152,,,,,,,,,,,[ 9.33039282 25.84871793 50.23666761         nan],[ -4.68826368 -12.81420403  -8.31942754          nan],24.197073132774776,19.573746537339428,1
mi_D4-6_41d,41,8.077439014096981,-9.537553936168369,4.042260417272215,9.352345111930841,6.179809577699496,-5.390343728966337,6.85403432069678,-1.9385017358767511,58.452513967308164,24.377202434011334,66.64767449007695,27.476034762102227,0.7602813138520272,6.48856504437755,[6.99886796 7.73183917 8.70227608 8.87677285],[ -2.96744074  -6.43603056  -8.50609885 -20.2406456 ],20.762215776204318,22.243989726366653,1
mi_D8-8_6w,42,18.27491616530843,-16.472748711360573,4.951132368932776,5.557990891959256,4.003269835900049,-7.430618410139696,5.38363859216285,-3.8328323679996688,74.50372645055396,12.183593658030269,74.82863685311817,11.613440532414556,6.406860973622819,5.771749663488463,[15.83729809 14.14286134 13.82685826 29.29264697],[-10.35387813 -11.06672572 -21.93928248 -22.53110851],17.379757769488617,18.84664280196894,1
mi_D9-3_6w,42,15.224871230915806,-12.179696398849538,9.622504486493762,7.097087831831432,2.759249176177045,-6.127354887526074,3.776274526795952,-2.1231607724767256,65.76866554563942,27.337767429744286,64.05507135721771,24.678162154912204,5.86944328268608,4.678665377245484,[24.71469945 15.45315409  9.88019053 10.85144085],[ -7.1761077   -8.7581256  -13.62415983 -19.16039247],16.061921615932786,17.54366977935526,1
sham_D11-1_40d,40,22.718838060242994,-21.80504135593978,1.4731391274719736,6.250000000000002,5.4053089416906985,-8.488678316024732,7.4593830077012795,-5.315275291810081,78.12816631449968,13.916827415183668,74.15496528951788,10.389825762413286,2.6712560764772846,3.931234407267589,[19.87401009 21.32411276 22.65719024 27.02003915],[-17.1933886  -27.66104871 -19.52695894 -22.83876917],13.969137730134499,15.08550434076243,0
sham_D2-1_40d,40,17.949054956158204,-15.762503717307291,6.7409236029203115,7.576144084141581,5.021440565126875,-5.418597954019602,4.843435176180874,-3.8505974345132126,71.26164657963734,18.429050855145036,69.19776259168233,16.735246580906157,4.121321495693151,6.142622816224605,[11.70247255 16.77912381 21.49873021 21.81589325],[ -7.16107164 -24.47727551 -16.4090252  -15.00264251],17.802250425488673,19.08666986060188,0
sham_D3-2_42d,42,16.542377943157884,-22.862733251735946,2.192223507352734,0.8490445135141538,4.619041432356723,-4.6015710090700415,7.358697606955708,-4.353099510664635,69.25534300959825,12.461201825380364,74.7151788229816,14.408391210544732,8.893774002120658,2.338402188202133,[11.71355835 10.51646796 12.02350733 31.91597813],[-18.96816973 -23.20856373 -25.01691702 -24.25728253],16.236319205086495,16.59402849257527,0
sham_D4-4_41d,41,24.953644960647285,-22.641360141292814,6.1682532219915185,0.0,6.309386738311534,-7.433122899795631,6.908897551151386,-5.566707933051123,74.4350553842245,12.824184305561982,76.38221258744952,10.818804554267551,4.389212375220015,3.950668646261349,[25.78653593 20.14227103 22.18349829 31.7022746 ],[-23.25427434 -16.93735209 -28.06441824 -22.3093959 ],15.030863510821817,14.961801477337257,0
sham_D7-1_40d,40,17.624816810976,-18.631741943637284,3.3689235736265823,2.2790142204853674,6.615538408475747,-6.329706700903551,6.41550101339227,-3.759749258087702,75.51659121559737,12.67394034977729,78.15105417996462,15.098340142734962,6.188368840138422,2.4908405868907106,[11.48842423 15.86794777 15.19610672 27.94678853],[-15.72019204 -22.50821776 -18.80020859 -17.49834939],14.594661804594606,17.49856109607755,0
sham_D9-1_42d,42,18.947559546264017,-17.223638881955317,2.941176470588236,0.0,5.240291325485856,-5.712938386826789,5.8107348415232,-3.6576584006722226,74.47851535541524,14.114929372343276,76.20399591284551,12.851565401935089,1.8698414577554705,3.6067475644079554,[17.26926617 22.07436444 18.63716247 17.80944511],[-11.53449732 -16.80771629 -20.93164198 -19.62069994],13.605420854071255,15.441584654593509,0
