Name,Day,GRS,GCS,Rad SDI,Circ SDI,GRSRs,GRSRd,GCSRd,GCSRs,TSd,TSs,TCs,TCd,r_std,c_std,r_reg,c_reg,angle_std_s,angle_std_e,Condition
mi_D11-3_10d,10,,,25.584874414711674,25.271272309521972,,,,,,,,,,,[10.23992031 20.70668938         nan         nan],[ -9.8183474  -15.43925779          nan          nan],20.39365416686649,18.42382065976511,1
mi_D11-3_1d,1,16.037122773735675,-15.424634348672907,6.4031242374328485,6.0621778264910695,4.440060673733964,-9.404442238244393,5.9776907505983825,-2.2436316310163122,76.65775813744818,14.03828001925687,76.31859325235786,14.530305654067613,11.300149562148716,6.969254122155461,[ 4.20887966  6.5351094  21.55016378 31.85433827],[ -3.5323374  -18.80754571 -18.06588754 -21.29276674],17.35033753305958,16.019947679080282,1
mi_D11-3_3d,3,,,22.577543290140227,22.44410802522702,,,,,,,,,,,[ 2.18483456 15.62412181 26.09289844         nan],[ -4.1483986  -15.93753023 -22.82897058          nan],24.509842252789763,18.2604511822888,1
mi_D11-3_40d,40,,,26.205230913291622,26.205230913291622,,,,,,,,,,,[10.8927053  27.64213021         nan         nan],[ -3.98168734 -14.67428501          nan          nan],19.401653991497074,19.85720085227195,1
mi_D11-7_10d,10,19.714985728153714,-19.362448157137834,8.560522257567822,1.1363636363636362,4.895415609717817,-6.487209969384376,7.344481489470995,-3.5706548010544092,76.20238470041531,15.0030638839606,74.27482951841432,11.65998999500303,6.318208268176758,2.5208266020430248,[21.25693563 17.40329782 11.39177618 28.80793328],[-17.95238719 -20.39535145 -22.8895882  -16.21246578],14.290225238932507,12.754444671892083,1
mi_D11-7_1d,1,13.976335093862783,-13.772955466081218,0.7339198337156259,3.254722774520598,6.70645014451733,-8.179140553345626,6.797085557286171,-3.8812101169227953,77.86166555341293,15.988789303797654,74.79442680584152,10.32022693991088,4.878280686457422,1.6587856064028987,[15.14351176 17.74039768  5.70117758 17.32025336],[-13.30312931 -16.18986911 -14.03401605 -11.56480739],16.30048531553271,11.82042011275146,1
mi_D11-7_21d,21,21.674582237879378,-20.80365780561731,7.533259586659681,0.9999999999999998,6.3796336427052625,-8.39609535462819,7.871659211622179,-3.516168379981472,77.9511423242284,13.835091113127328,75.28184147841847,9.454383104834521,3.4916585045242226,2.733494700554134,[18.0070267  26.50885623 18.71794133 23.46450469],[-16.65043476 -23.6245054  -20.09254416 -22.8471469 ],12.769071431185719,11.207073286637147,1
mi_D11-7_3d,3,14.443771604502976,-11.665519676632785,2.126041532279104,6.5372045046061364,5.857538818688672,-5.439209018505789,5.10106971491255,-2.880305277853189,73.29076812224638,18.852072459585838,72.50073719694878,14.047660369201179,4.5809270902425805,3.1085944363155362,[16.1241292  10.24555394 10.21083815 21.19456513],[-11.03112348 -15.75562357 -12.72613057  -7.14920109],19.812697365514687,17.813814853622596,1
mi_D11-7_40d,40,16.52320018276488,-20.44687136815481,11.346805717910218,0.8660254037844403,3.177631107171508,-6.473177425415466,6.994850648335882,-4.478955417981439,76.93405679432195,15.423565970709497,71.30775432678601,11.347966815021639,1.5540537429165684,2.607794021915019,[18.49798733 16.34012902 14.19173958 17.06294481],[-19.47783775 -23.4930708  -22.13103455 -16.68554237],16.928710100154138,15.390841444798465,1
mi_D12-8_1d,1,10.409421472265798,-11.657692179559717,18.484227510682363,6.4788354387170015,3.2447801501585793,-5.9059051838133225,6.328293830813561,-2.381162347923922,74.87427122133862,24.789583261137224,65.61135828855623,12.329479669011965,7.518843793283171,5.8162874732970895,[ 0.99344067  5.23060779 16.26681363 19.1468238 ],[ -3.28047812 -10.17906768 -13.90382313 -19.26739979],18.298925031832116,15.868322540643714,1
mi_D12-8_21d,21,15.474524982317732,-12.840102331560562,13.819554315709125,7.427787257323904,3.5097877220905813,-5.985467279882521,5.120526877691475,-2.363399364001832,66.64156294936052,28.40010225137692,60.86640962780655,17.76488961915509,8.617376903358627,5.4722388855039865,[ 3.05415716 27.31413507 14.66349679 16.86631091],[ -3.99791652 -12.9794332  -18.55316277 -15.82989684],18.862929002891594,21.245871304126243,1
mi_D12-8_45d,45,,,18.212208581611357,20.048711021147152,,,,,,,,,,,[ 9.33039282 25.84871793 50.23666761         nan],[ -4.68826368 -12.81420403  -8.31942754          nan],24.197073132774776,19.573746537339428,1
mi_D4-6_10d,10,6.451481118916128,-6.683139249908034,14.16819844659942,8.251551832163992,4.144653892658281,-5.406053641314298,4.044814719438923,-1.347892890901844,62.841353163662305,30.476115870750267,59.94841926337923,25.247689442583916,3.7560575357941657,4.892800027974548,[ 0.3510799   8.60618449 10.26687793  6.58178216],[ -1.24484459  -3.0272805   -8.8358681  -13.62456381],22.84623535771491,23.19245466599953,1
mi_D4-6_1d,1,10.244032182963446,-11.375306575105363,6.589323724446813,4.481636549584414,4.180152137207784,-8.439753948589953,6.910123288258961,-3.216663025411329,71.43171007153417,24.685138220603747,64.20659285756449,17.352784205943415,6.21315403974217,5.925654585220217,[ 2.86828285 16.73135036 16.051619    5.32487652],[ -2.75088927 -12.83641603 -10.58193909 -19.33198191],21.933967418608503,22.375018227213534,1
mi_D4-6_21d,21,10.736423358698342,-13.159707876052867,3.4014634674188566,19.67043345471042,5.012246919413331,-4.684155063792095,5.512689842236325,-3.0474219675987335,61.49210886189881,21.86135962157135,70.41957360841805,25.30299413786966,5.579662930094823,7.679662160514098,[ 3.99722249 13.98934067  6.89140051 18.06772976],[ -0.88813471 -12.41659709 -19.47453648 -19.85956323],19.93959915791966,22.28477223622605,1
mi_D4-6_3d,3,15.747188786665683,-16.858940430680384,5.728898730994153,5.292486367588404,4.000361984742777,-11.744124304442696,7.929424695911218,-2.793768968951081,73.65862426684178,18.84173337485897,72.15013823837506,13.416265149534725,7.971055898701046,7.957649732689501,[ 3.37037108 14.85199698 19.92445144 24.84193565],[ -5.67993102 -13.37362238 -22.11050162 -26.2717067 ],19.74627034987214,19.826118991353248,1
mi_D4-6_41d,41,8.077439014096981,-9.537553936168369,4.042260417272215,9.352345111930841,6.179809577699496,-5.390343728966337,6.85403432069678,-1.9385017358767511,58.452513967308164,24.377202434011334,66.64767449007695,27.476034762102227,0.7602813138520272,6.48856504437755,[6.99886796 7.73183917 8.70227608 8.87677285],[ -2.96744074  -6.43603056  -8.50609885 -20.2406456 ],20.762215776204318,22.243989726366653,1
mi_D8-8_6w,42,18.27491616530843,-16.472748711360573,4.951132368932776,5.557990891959256,4.003269835900049,-7.430618410139696,5.38363859216285,-3.8328323679996688,74.50372645055396,12.183593658030269,74.82863685311817,11.613440532414556,6.406860973622819,5.771749663488463,[15.83729809 14.14286134 13.82685826 29.29264697],[-10.35387813 -11.06672572 -21.93928248 -22.53110851],17.379757769488617,18.84664280196894,1
mi_D9-3_6w,42,15.224871230915806,-12.179696398849538,9.622504486493762,7.097087831831432,2.759249176177045,-6.127354887526074,3.776274526795952,-2.1231607724767256,65.76866554563942,27.337767429744286,64.05507135721771,24.678162154912204,5.86944328268608,4.678665377245484,[24.71469945 15.45315409  9.88019053 10.85144085],[ -7.1761077   -8.7581256  -13.62415983 -19.16039247],16.061921615932786,17.54366977935526,1
sham_D11-1_10d,10,22.43287198904084,-20.62494747335015,5.65843699306603,1.020408163265306,6.0091428430706095,-7.791838771458224,7.193230290592455,-4.223069233232337,76.68462519782227,13.226555974776801,76.0612653467092,10.808034348378964,4.725488831963178,4.061079293841307,[16.35479513 20.26252193 23.94468542 29.16948548],[-16.46840248 -26.12475203 -22.91495326 -16.99168211],14.981798430757891,15.587294349914504,0
sham_D11-1_1d,1,24.484091576515354,-17.466869513223166,6.689544080129827,0.8660254037844403,6.249982484497659,-6.044314544777663,7.240220469488421,-3.4756395553608845,72.1661733377561,17.37581863733472,73.551590769239,12.477146038371128,9.614718113091147,2.6031763050301375,[11.7318299  24.30889272 23.08777327 38.80787042],[-13.87758596 -21.21983491 -17.6350345  -17.13502269],15.155669476962377,15.751335262516331,0
sham_D11-1_21d,21,20.88430549653402,-21.777216398658044,5.763842406476265,4.606423319938055,5.1357756452400105,-7.351446770542737,8.11431354413098,-4.233764405266696,75.67273521544345,17.714522809451253,71.13475866239486,12.753011598431296,11.036695736857485,3.0829664232405767,[ 3.39463466 22.70755029 23.45903247 33.97600457],[-18.31577544 -20.0145132  -26.54384071 -22.23473625],16.72665632489427,14.362902911529712,0
sham_D11-1_3d,3,16.793084010712697,-20.57648544815132,7.42994138103524,2.952359331083313,5.232141372579943,-7.190978683547057,7.898795892307075,-3.9897737474105157,79.83206423207719,16.347024237768146,74.82126231820382,8.529034376844706,6.125236089502256,3.0184686465640347,[26.31037945 17.07640418  9.50647651 14.2790759 ],[-15.38987649 -21.69300478 -22.69599681 -22.52706372],15.358713347245,15.378422304556985,0
sham_D11-1_40d,40,22.718838060242994,-21.80504135593978,1.4731391274719736,6.250000000000002,5.4053089416906985,-8.488678316024732,7.4593830077012795,-5.315275291810081,78.12816631449968,13.916827415183668,74.15496528951788,10.389825762413286,2.6712560764772846,3.931234407267589,[19.87401009 21.32411276 22.65719024 27.02003915],[-17.1933886  -27.66104871 -19.52695894 -22.83876917],13.969137730134499,15.08550434076243,0
sham_D2-1_10d,10,21.445405872902498,-17.79601609218137,6.000000000000001,4.690415759823431,5.101532019289141,-5.652105663215211,6.413097297223741,-3.395396858230849,73.36848253948884,16.891206886141877,74.28841280601995,13.65214610925989,1.0188896103297465,2.3063687653705984,[21.12990025 23.05142062 20.23401966 21.36628297],[-13.87954712 -18.7060133  -18.75561275 -19.84289119],14.977899946575949,18.151390045388744,0
sham_D2-1_1d,1,13.218120335772483,-19.240266061749733,5.9225442684917855,1.190476190476188,3.9363233582602692,-6.080616214168058,7.440602778328316,-3.5746590114158607,75.64061497880809,17.241218722736388,72.93204423504463,10.747685851915275,3.1014242402337264,3.50845783462334,[17.77881086  9.41681316 11.62657813 14.05027919],[-13.59074206 -21.71036581 -22.58557239 -19.07438398],15.626598755364746,15.712173741053126,0
sham_D2-1_22d,22,20.30843397149571,-14.710914587955212,4.606423319938057,3.207501495497921,4.668153368680374,-5.645551923459476,5.580747077896699,-3.311790090314128,74.72532947204064,14.057038370454638,76.28367107824906,11.048359133401963,2.664114374258142,1.5298083203304922,[20.51952547 23.32724051 21.34076171 16.0462082 ],[-12.2464919  -15.16537009 -14.98741998 -16.44437637],14.94088389440407,14.173176366433065,0
sham_D2-1_3d,3,14.717325440746801,-17.84079501550919,1.6583123951777003,4.69041575982343,4.179164283482768,-6.121589325607387,6.2288743225744465,-3.973785007133966,76.1717147195398,12.510105102810261,77.97266654371529,12.137779692254648,3.263624829076436,5.300193142393368,[10.02033691 18.98400702 13.87273056 15.99222727],[ -9.00459689 -22.34272154 -18.48650148 -21.52936015],16.60230846483784,15.89983856235234,0
sham_D2-1_40d,40,17.949054956158204,-15.762503717307291,6.7409236029203115,7.576144084141581,5.021440565126875,-5.418597954019602,4.843435176180874,-3.8505974345132126,71.26164657963734,18.429050855145036,69.19776259168233,16.735246580906157,4.121321495693151,6.142622816224605,[11.70247255 16.77912381 21.49873021 21.81589325],[ -7.16107164 -24.47727551 -16.4090252  -15.00264251],17.802250425488673,19.08666986060188,0
sham_D3-2_10d,10,21.743051035874,-16.427323242741902,4.690415759823431,3.8405728739343044,4.848971976580808,-9.632439912339375,5.683056702106733,-4.011031757787254,74.59660669618304,16.357073805057027,71.79890892712892,13.586288030281358,10.986806030231937,2.9837893804274653,[25.65577605 18.3812203   6.36666747 36.56854032],[-17.14419982 -19.69837931 -17.30097553 -11.56573831],17.501769163888234,16.275484515697535,0
sham_D3-2_1d,1,12.770537411315132,-21.155705464183455,7.847145402770504,1.8042195912175807,4.574797301235495,-4.411781824282077,8.769941398667521,-3.9837869931752534,72.80854272543348,17.986088770908303,69.20497933675917,9.024491923717036,5.591298840670416,4.239971366431203,[18.39786989  7.90028443  6.50227478 18.28172055],[-14.95788538 -22.13495864 -26.84076507 -20.68921276],15.747607967118286,17.376143437081627,0
sham_D3-2_21d,21,18.060023426773732,-19.947714387166265,0.9622504486493763,1.1111111111111112,4.9491194405206125,-4.310171136031871,6.460162391966442,-3.9586177589853495,69.6809255213158,14.375826532045199,75.89039306425451,13.825629883022923,5.106167093645267,1.9150072950018644,[11.50055255 15.7499951  19.61424595 25.3753001 ],[-16.71017783 -21.41825099 -20.34968218 -21.31274655],15.921675775111238,16.10488208475633,0
sham_D3-2_3d,3,16.682651674735407,-16.622582132501186,7.2916666666666705,5.1822262349303125,4.238751967934503,-6.016513934896217,5.410605322463552,-3.305770721212311,73.54985474461715,20.535531661448033,71.26413271031177,10.57589515128898,2.4177410226743827,3.0167687606623703,[19.30373159 17.81418863 16.83000132 12.78268515],[-12.57982274 -16.08818235 -16.75490393 -21.06741951],15.629122929320921,18.08096761943229,0
sham_D3-2_42d,42,16.542377943157884,-22.862733251735946,2.192223507352734,0.8490445135141538,4.619041432356723,-4.6015710090700415,7.358697606955708,-4.353099510664635,69.25534300959825,12.461201825380364,74.7151788229816,14.408391210544732,8.893774002120658,2.338402188202133,[11.71355835 10.51646796 12.02350733 31.91597813],[-18.96816973 -23.20856373 -25.01691702 -24.25728253],16.236319205086495,16.59402849257527,0
sham_D4-4_10d,10,18.350983778112965,-16.88066640804667,6.538348415311009,3.278719262151001,4.652345810567159,-6.1970132823261945,5.91621153689288,-3.243523808902451,76.3093386300395,13.281321150536378,76.472910728958,12.04644157977777,5.404179173169841,3.7744357491899607,[24.7340308  15.01288262 11.33767513 22.31934657],[-16.30395377 -12.35208651 -22.83278481 -16.03384054],15.829230706473268,15.376355284083981,0
sham_D4-4_1d,1,16.97414487821678,-17.510351997446044,5.961209969926872,1.4731391274719727,5.025463988041065,-6.211530895172362,7.312418577362131,-3.1832715389274435,76.55978948742879,13.877077084628544,76.09035431244553,8.777262896985413,2.800815848809791,1.7614136264421154,[17.05128447 18.93325299 12.38803348 19.52400856],[-15.121451   -18.44698882 -19.78109402 -16.69187414],14.047239592948262,13.956767731852807,0
sham_D4-4_21d,21,19.448749794936244,-17.98053286811703,7.385548614372239,0.0,4.599062506931219,-7.744984759252372,6.735143444394212,-3.633966272032468,74.31670276138536,15.536519792577248,73.63885107115024,10.86849201539456,2.765849553222805,2.564221438860784,[17.15251905 17.60829176 18.93023929 24.10394908],[-17.29638444 -14.75895736 -21.91164896 -17.95514072],16.9915699718573,16.05751348102455,0
sham_D4-4_3d,3,14.652064140139517,-18.864620797934364,6.156850228300816,3.9645246400169833,4.494893662161428,-5.155310511490558,5.935590423485487,-3.9003954724905032,69.98908704688563,15.508020032143781,74.00058302031063,14.914667548151355,1.6118344719022666,3.9213864162153147,[13.05833997 14.10961205 14.09592846 17.34437608],[-14.1582646  -19.00999836 -17.34136858 -24.94885165],15.658121486706793,18.21119616944012,0
sham_D4-4_41d,41,24.953644960647285,-22.641360141292814,6.1682532219915185,0.0,6.309386738311534,-7.433122899795631,6.908897551151386,-5.566707933051123,74.4350553842245,12.824184305561982,76.38221258744952,10.818804554267551,4.389212375220015,3.950668646261349,[25.78653593 20.14227103 22.18349829 31.7022746 ],[-23.25427434 -16.93735209 -28.06441824 -22.3093959 ],15.030863510821817,14.961801477337257,0
sham_D7-1_1d,1,14.47607988095154,-20.13407212105009,1.764162122529468,0.9213036210472773,4.258386889630411,-4.563173605995636,9.687901794060716,-3.3253089604803963,74.74027060322133,14.036010361145141,73.83394911378288,6.350111225365216,4.754777992666823,3.3903095196420168,[12.46674012 18.32263646  7.64517376 19.46976918],[-14.51301838 -23.19285628 -22.34842076 -20.48199306],15.41992830212084,15.43068293718266,0
sham_D7-1_40d,40,17.624816810976,-18.631741943637284,3.3689235736265823,2.2790142204853674,6.615538408475747,-6.329706700903551,6.41550101339227,-3.759749258087702,75.51659121559737,12.67394034977729,78.15105417996462,15.098340142734962,6.188368840138422,2.4908405868907106,[11.48842423 15.86794777 15.19610672 27.94678853],[-15.72019204 -22.50821776 -18.80020859 -17.49834939],14.594661804594606,17.49856109607755,0
sham_D9-1_10d,10,13.18783093307215,-19.317166814702826,5.7943403563554385,0.0,4.422487308755152,-6.1279650185209835,7.703452042278854,-4.132084410321343,73.78229531248732,15.274813092888296,70.74483884346955,14.031083013042633,5.138163523227123,3.4130164405962238,[ 6.01228762 12.34739505 13.9339053  20.45773577],[-14.12368466 -18.57787122 -23.14291129 -21.42420009],14.865809777458992,14.412726848311435,0
sham_D9-1_1d,1,14.444936922194302,-15.107166261142591,9.597925890831608,3.521476061368818,3.9317813538976942,-5.35324601333654,5.90576659987075,-2.9845356232370444,75.5164013444931,16.067900190774452,71.54049641620256,13.691134032743296,2.5657240997644957,2.0675490963468097,[12.93689963 12.81936863 13.13899104 18.88448839],[-11.54087125 -16.57028068 -16.04003671 -16.27747641],16.265362672164038,17.301460876729937,0
sham_D9-1_21d,21,17.400846030146806,-18.31620185540879,1.0416666666666645,1.0416666666666645,4.733021116329872,-5.589164806541156,6.8295732154624975,-3.9975768619063325,73.29627332367635,13.40314175189164,74.58135069044957,12.4669442388418,4.553961371435713,3.22271757991509,[12.43031642 18.93678966 14.1186001  24.11767794],[-14.46562717 -15.82334897 -21.92544096 -21.05039032],15.14159281470118,15.658679107289089,0
sham_D9-1_3d,3,16.12838166340762,-19.585232479875998,0.0,0.9021097956087885,4.695810222973048,-4.676433405670798,6.6392465250658725,-3.680758036274776,70.23932267323262,13.259905033398045,75.48977256972319,14.296125266208753,5.196636314963709,1.4702051391336568,[14.1354584  16.45672114  9.79983749 24.12150963],[-17.27768438 -21.01955077 -20.68618926 -19.3575055 ],15.196087312690661,15.455363845102111,0
sham_D9-1_42d,42,18.947559546264017,-17.223638881955317,2.941176470588236,0.0,5.240291325485856,-5.712938386826789,5.8107348415232,-3.6576584006722226,74.47851535541524,14.114929372343276,76.20399591284551,12.851565401935089,1.8698414577554705,3.6067475644079554,[17.26926617 22.07436444 18.63716247 17.80944511],[-11.53449732 -16.80771629 -20.93164198 -19.62069994],13.605420854071255,15.441584654593509,0
